-164291232 0.07 657609280 -696647360 -153197632 -1009476800 -133875680
-148024064 0.08 29144398 -7003563,5 -25490386 -167833424 -21490266
-63069260 0.06 89601352 -458808768 -32331158 -108766640 -115935536
-58267644 0.05 133760992 -80160240 -6341266,5 -28313850 -16870104
-53765836 0.02 37574232 2570860,5 -6785533 -24615338 -22829826
-51324724 0.06 2100227,5 -28423812 -4840946 -11591539 -21307254
-50893984 0.04 339623296 -424709984 -24104134 -49815460 -112732016
-49894036 0.09 128936696 -100052344 -6711595 -34899148 -13708342
-47872744 0.16 96806088 -119503424 -4228023,5 -7870544,5 -20504428
-39982452 0.02 106621688 -110226616 -1892144 -4956074,5 -7971341,5
-33928600 0.07 171965312 -156035504 -3010286,25 -5846937,5 -14394695
-32567098 0.27 -258011,359375 4979501 -14812,82910156 -1260292,25 963328,125
-32128924 0.12 15585846 12643,38867188 -5778370,5 -22945338 -17773548
-29524992 -0.02 12360840 -75794776 -10572020 -17316772 -53255712
-27247600 0.02 476520608 -588540736 -3818472,5 -1864737,875 -22927358
-26212412 -0.07 -6757702,5 322590,125 -9562117 -15861009 -48001676
-24528046 0.01 13508777 36893220 -1681994,5 -8618028 -3544092,25
-24111364 -0.11 26187880 -3720595,5 -5540724,5 -17058638 -21198994
-23736912 -0.07 4793546 -44243432 -2781163,25 -9311376 -10011854
-23680578 0.11 -23081452 30757508 272009,25 -3768897,25 4912598
-23214640 0.31 66350876 -94772456 -2533502,25 -15272006 -3411119,25
-22032796 0.02 83847928 -91548088 -2955137,5 -2001121 -17274692
-20969488 0.07 1160525,875 139123216 -4308867,5 -6585079 -22103908
-19455778 -0.02 15842705 -16030569 -1343697,625 -39200,28515625 -8587674
-18254592 -0.05 49555692 -45137804 -3657555,5 -6656704,5 -17865736
-17638190 -0.14 -3323405 3961765,75 -26416,34375 -894058,5 580981
-16935498 0.08 -3129968 -15362873 -13930597 -100464928 -4883760,5
-16760899 0.23 24641442 -16810834 -645378,5625 -3945892,5 -823290,125
-16572508 0.39 45299024 -59538764 -740628 -3469383,25 -1834919,125
-16514070 -0.04 4867538 4166854,75 -4246617 -10814065 -18148612
-16204817 -0.07 -33133828 77867872 -5140294,5 -7420697,5 -26734580
-15768433 0.12 11072318 -6525536,5 259354,4375 2080945,25 -87471,8515625
-15692082 -0.01 779994,3125 -6055219 -1487995 -4662576 -5625318
-15462897 -0.04 -953538,5625 2234699,25 558926,4375 1984406,375 1915339,875
-13777948 -0.08 34472900 -31658978 -3982213,5 -3673083,5 -22457128
-13635681 0.1 21112010 -2770709 -320407,4375 -2183747,25 -220373,265625
-13542761 -0.14 1432183,25 4285590,5 235549,0625 29481,86914062 1484818,25
-12448375 0.12 8640086 -944953,25 -1395748,375 -5012556 -4739667
-12099805 0.14 -39579612 36042024 -619140,625 -3894146,25 -698459,625
-11692931 -0.02 14131369 -9927240 -68669,90625 -272378,34375 -212804,515625
-11249337 0.28 3206940,5 -13816224 80677,1015625 1023581,375 -344522,1875
-10832209 -0.01 20033838 -9549445 -937680,8125 -4286359,5 -2411973,25
-10610188 -0.07 43762096 -10332792 -1393377,375 -7045249,5 -3015248,75
-10183207 -0.2 -12830353 371959520 -151728,703125 -2569391,25 1185870,75
-9805172 -0.03 4162497,5 12586303 -859554,25 -1704550,625 -4081760
-9315006 0.12 12050073 -10655075 -765590,9375 2255167,5 -6808589
-8261728,5 0.05 30747916 -27497056 -1630592,375 -7097422 -4493019
-7530510,5 -0.01 -3419594,75 2624831,25 488103,03125 2424910,75 1090633,75
-7362629,5 0.07 -11737381 10587841 42701,45703125 -1344331,875 1402996,875
-7312162 0.06 4017684,25 -58289,6953125 535053,9375 2611248,25 1235121,375
-7271053,5 0.08 21031676 -17592640 -238427,921875 25173,23632812 -1551934,25
-6687387 -0.09 -2241003,75 13937116 -981785,375 -6976866 -432549,1875
-6498548 -0.02 -2023255,25 6311809,5 209367,0625 -537039,25 1793235,625
-6197848,5 -0.03 6580987,5 -3934936,75 42186,98828125 947092,5 -527104,6875
-6066373,5 0.12 8333547 -7749903 -1555507,875 -7156975 -3961270
-5618570 -0.01 191295264 -32571856 -3711860 -13526029 -12437977
-5350515 -0.01 -5414214,5 5058144,5 801095,9375 3317992 2347404
-5347156,5 0.1 83643920 -88914312 -1875065,75 -8515901 -4868479,5
-5255357 -0.14 -9256526 6231624,5 -274396,03125 -1968912,875 -105945,328125
-4912205,5 -0.01 7631677,5 -25393736 -2072879,125 -6115480,5 -8155789,5
-4879963,5 0.06 9411720 -12218687 132291,765625 1380771,25 -313780,90625
-4568382 0.03 46556892 -13379831 -974459,75 -134118,171875 -6139347
-4077679,25 -0.05 -13159090 28355036 191534 -10532,95214844 1236125,75
-4019375,25 0.1 -3676453,75 5278653,5 582004,8125 2552591,25 1585615,25
-3797444 0.13 -3496758,25 5624067 681705,5625 2541585 2234411
-3763366,25 0.32 -8030369,5 6105178,5 387356,5625 1254071,875 1428895,625
-3629562,5 0.26 -6326433,5 5614815 634531 2203762,75 2215865,75
-3497863,75 0.08 -4595014,5 4612499,5 672819,8125 2715850 2030843,875
-3448605,25 0.05 15447374 -40588836 -241978,875 1845122,375 -3104997,5
-3333967,75 -0.15 -16610300 35186200 -1170780 -1203170,875 -6499705
-3057538,75 0.1 19802348 -10891005 -372709,9375 -1029076,5 -1526824,625
-3018669,5 -0.02 32793274 -34633540 -633294,125 197475,859375 -4229727,5
-2958216 -0.09 -4632011 10669568 19863,50390625 628211,0625 -402166,625
-2951767,75 0.01 -4361410,5 4267086,5 -136249,890625 -679181,4375 -304239,25
-2896150,5 0.15 143160128 -202865216 -12491694 640027,8125 -80668840
-2778423 0.2 53098864 -9250292 -3001993,25 -10827588 -10153436
-2722626,75 -0.26 16795090 13563946 -2864171,75 -9868726 -10075668
-2569657,25 -0.01 11576522 -4554830,5 368746,21875 2582282,25 192679,296875
-2562178,75 0.01 -9382313 3448271,75 810854,0625 3600996,5 2172031,5
-2220818,5 0.06 388892,375 -837011,5625 678736,1875 3035712,5 1799907,5
-2175814,25 0.08 5156108 624826,75 172560,15625 1563312,25 -208966,34375
-2048996,375 0.23 -7542020,5 7358843,5 330373,53125 303314,625 1862825
-1940583,25 0.28 18788654 -33515574 252716,671875 1459862,375 392192,84375
-1858053,125 0.06 -2647961,25 -843179,6875 318943,375 1304922,25 947258
-1821915,375 -0.11 -8922504 20467586 216340,359375 -493995,59375 1801772,875
-1697112,625 0.61 8474132 -9150060 -186628,71875 -2611197,75 997154,3125
-1617045,375 0.12 15780340 -22197122 -558589,8125 2390399 -5594469
-1584803,5 -0.08 -2928074,75 4640256 540226,5625 3050728,75 898760,625
-1561741,75 0.1 1155240,75 205396,328125 540578,875 1817564,125 1937938,5
-1506930,625 -0.02 6753283,5 -13877905 482561,3125 2531730,5 965265,1875
-1427445,5 -0.21 -4999858 4408952,5 836829,1875 3563370,75 2370289,5
-1408548,25 0.31 -4171144,75 5434398 656284,0625 2359385,25 2224582,25
-1379530,5 0.06 12588102 -507018,53125 465818,6875 1542323,625 1689820
-1302284,5 -0.19 -5850769 4287132,5 736759,375 2972107 2225515
-1244786,625 -0.07 -11400188 18688090 422508,21875 1534218,25 1418815,875
-1222396,375 0.03 -5740837,5 2242409,5 389873 1826224,125 963937,9375
-1158539,625 -0.72 -5925818,5 5517667,5 847694,5625 3639134,25 2376280
-1094414,25 0.15 744055,25 -4416048 598993,5 3147310,5 1194551,5
-1025676,4375 0.03 68604472 -71745424 -760619,625 -3193375 -2195277,5
-973641,75 0.04 -1564503,25 3385048,75 585125,1875 2535356,75 1620123
-863034,3125 0.02 -1914380,875 3388133 440257,40625 1400565,375 1645089,125
-818074,875 0.18 -5086534,5 7516130 487700,40625 2867334,75 716070,5625
-777056,125 0.19 -4403692 2839172,5 388212,15625 1650935,25 1100641,625
-707960,0625 0.02 -9829438 18806826 281163,4375 1256802,125 745412,875
-582575,1875 0.12 10954987 -1885587,625 488192,5 1831258 1590386
-537660,5 0.02 -5625621 5653365,5 842885,375 3512136,25 2452218,5
-485267,5625 0.06 -6827467 4631004 791214,75 3224055,25 2363007,75
-478102,6875 0.13 13731811 -16129259 -184347,15625 -1709968,375 253946,671875
-451234,5 -0.01 -2861481,75 18342678 103559,7890625 -1124165 1608213,875
-425396,25 0.2 -12167593 5582432,5 654427,5 2860466,5 1791298,5
-400587,96875 0.75 -2981983,5 3721210 485329,375 1754427,75 1636623,5
-382675,84375 0.49 -5492435 5028846 -351935,4375 -1693416,375 -834948,125
-369823,875 0.05 -9049348 5690374 779203,0625 3442515,75 2102298,5
-369107,40625 -0.36 -22740030 47056696 -364210 -5106663,5 1956376,125
-362524,6875 0.09 -2146928 -4317358,5 -1020538,3125 -9176572 1168473,375
-355583,75 -0.18 -5404701,5 4646424 774114,25 3217144,5 2259090
-249543,9375 0.16 -8622308 4785206 836057,4375 3676504,25 2270245,75
-239692,265625 -0.14 -9884404 14577056 -1374582,5 1253773,25 -9872962
-223123,546875 -0.08 -33027068 67843176 463917,40625 -88856,203125 3049216,75
-190433,90625 0.11 1512517,625 1301775 72523,8828125 361033,25 160287,953125
-54659,98046875 -0.03 -3531640,25 6270175 -22747,95507812 1456790,875 -1372221,375
-23224,19335938 0.09 22133104 -2980424,25 612196,3125 3315347 1137911,5
-17313,19140625 0.08 -4924809 1523826,5 208886,140625 1366821,5 189271,578125
-13327,74316406 -0.07 -11614765 8182284 663095,1875 2679120 1999385,25
50439,43359375 0.06 -4061213,5 3381964,75 782793,125 3148121 2372800,5
70635,359375 -0.06 -1790708,125 1900080,25 22217,7578125 2045111,125 -1578442,75
98085,6953125 0.06 -3377313,5 1941714,875 679267,4375 2493422,25 2259269,25
194184,265625 -0.05 -7312644,5 5562386 815853,375 3368501 2399596
214514,53125 0.2 -2138471,75 3755134,5 482063,625 2111831 1315149,25
313837,28125 0.31 3512422,75 -907944,6875 675106,9375 2861063,75 1923446,625
366051,125 0.2 -2100418,5 1497612 812006,0625 3394480,75 2353071,5
379127 -0.22 -6570608 6057375,5 693611,0625 2870320,75 2034359,25
412533,125 0.23 -6159422,5 5822988 845004,75 3518663,25 2460325,25
443431,53125 0.06 -3563351,25 4899316 633334,3125 2264296,75 2157288,5
453731 0.14 -11923419 1093601,875 351545,0625 1566341 936604,375
480196,1875 -0.09 -3230386 -8741424 43378,09375 1375993,375 -880109,5
582787,875 0.1 -1994715,375 2404322 671734,9375 2887982 1879218
680185,0625 0.15 -2907991,25 627910,75 461647,03125 2374870,75 963005,3125
748564,625 0.29 -1601499,375 1179955,25 714335,1875 2714996,75 2297902,25
757968,5 0.01 -9382313 6072796 687733,8125 2898305,5 1973163,625
858455,5625 0.24 -9183591 5830698 816032,3125 3446611 2335064,5
858455,5625 0.12 -2620478,5 3967933,75 441767,28125 3131611,75 199171,921875
885816,3125 0.14 38250732 -14832417 -6095149 -24228584 -18726492
895981,4375 0.18 11915830 -12320461 668284,625 2988701,5 1772358,75
943403,8125 0.0 -21160824 113914216 -2331455,75 -16033226 -1475027,125
987199 -0.01 -6693223,5 6082048 781473,4375 3036693,75 2458065,5
991811,375 0.09 -7124493 5417436 835308,125 3469220,75 2439699,5
1011290,8125 0.14 -6909915,5 3227762,5 449148,78125 1423175 1683040,375
1023202,375 0.06 5247012,5 661835,3125 -1525892,25 -267685,75 -9564258
1063818,125 -0.03 -6194304,5 5628693 716001,625 2573494,5 2427575,25
1076177,5 0.44 -7215397,5 5806026 631645,5 2399869,5 2032458,125
1087327,75 -0.01 -8584254 7949438,5 819381,9375 3467599,5 2338902,5
1137168,25 0.06 -7508195,5 5930929,5 878747,1875 3740536,5 2490205,75
1140526,75 0.12 -2695527,75 4634088 559418,5 2049291,75 1863937
1163051,25 0.02 -5972327,5 5531545,5 797533,8125 3205754,25 2418894,5
1172096,875 0.03 -6983907,5 5906257,5 752528,9375 3023000 2283912,5
1194308 1.0 -2584539,25 1397380,5 776010 3290263,25 2209803,5
1195696,125 0.07 -3316005,75 4139098,25 704426,0625 2693112,25 2252740,75
1288839,25 0.15 -5648876 2459834,75 762527,5625 3335269,25 2085475,25
1293585,875 0.02 -9119112 5149124 695501,1875 2569868,5 2299121,75
1315304,375 0.08 10320768 27631826 -736255 -3858141,5 -1479941,5
1331738,75 -0.18 17976852 -39628156 -5766420 1749564,625 -38461796
1385027,375 -0.32 -6460676,5 6078964 728242,625 2838070 2283661,5
1391072,75 0.08 -3950225 -3534010,75 593988,625 3041983,5 1250976,25
1399133,125 0.34 -3562294,25 4604789,5 682751,3125 2876634,5 1959389,25
1421299,375 0.07 -1026473,8125 -787666,8125 453879,65625 3275460,25 155911,703125
1424971,375 0.09 -4403692 5682664 719821 2745029,25 2307838,5
1434867,875 0.05 -7817906 6060459,5 751712,5 3361846,25 1993753,5
1436659 2.96 13510891 -19955020 688645,3125 3132635,5 1781972,125
1448033,25 -0.01 -8045168 5443650,5 869783,125 3796164,75 2385965
1453317,375 -0.37 -5207036,5 4111342 630806,6875 2513344,25 1931661,125
1494291,375 0.37 -9156108 10870031 -75346,8203125 -3353093 2334813,25
1511666,125 0.02 134147,609375 2768239,5 436549,875 1409566,625 1613702,125
1515517,25 0.29 -3466104,25 3423599,5 580344 2689657 1459708,625
1522234,25 0.19 -5499834,5 4140640,5 765099,875 3522289,5 1944718,125
1526174,875 -0.02 -8521890 6253212,5 859320,4375 3585127,25 2496268
1533832,375 0.18 -6164707,5 6111346,5 766056,125 3179774,5 2238823
1540056,875 1.37 9432861 -3163925 191081,046875 727906,875 612296,25
1559760,125 0.04 -5144671,5 7468327 159368,5 1220456 -5327,65869141
1560879,625 1.15 -4308559 2526141,75 543039,375 1295025,25 2393103,5
1594196,25 0.19 -5392017 5204636,5 824219,0625 3547927,75 2302386
1646634 0.09 510451,09375 -1615733,5 368047,21875 2170488 534456,5625
1648873 -0.5 3322157 -12658164 -4361315,5 -32592066 -572158,4375
1650216,375 0.06 -5972327,5 4521520 735456,375 2874288,25 2299444,75
1666606 0.14 -4516794,5 3762844,5 725519,3125 2946041,75 2175367,5
1695444,5 -0.04 -5370876,5 -8272649 3227,13989258 3042964,75 -2539386,25
1727999,875 0.07 11284781 8657227 -345594,0625 -3627992,25 832435,5
1758137 0.04 -9926685 6273259 757729,5625 3455996,25 1953183,625
1784691,75 0.0 -7030417 5724298,5 868977,875 3681154,25 2477471,5
1784826 0.27 -7044158,5 6038871,5 858817,125 3618060,5 2465347,25
1815545,375 -0.07 -5894107,5 4267086,5 841806,125 3795141 2207328,5
1879088,625 0.02 -6792585 4806794,5 740254,375 3274735 1993502,375
1904255,125 0.0 -7739685,5 6341108 855719,125 3573310,5 2483103,25
1911867,875 -0.09 -4046415 2913189,75 750191,4375 3583207,5 1797898,75
1934661 0.05 -3459762 -13753001 425813,125 3213091,75 28319,17773438
1938288,25 -0.01 -7006105,5 5892379 829447,6875 3387484,75 2470835,5
1949707,25 0.06 -6338061 6536945 644859,5 3072570,5 1551573,875
1950737,125 0.17 -8476437 -23207146 663033,6875 3046633,5 1689927,625
1953244,875 0.06 -2482007,25 465998,3125 615031,5 2991773 1428142,25
1953558,25 -0.05 -11657047 12432101 597891,875 3105887,75 1222279,625
1969724 0.0 -4069669,75 4106715,75 675599,0625 3041557 1774798
1973396 0.09 25934192 -36093836 483444,84375 3551383,25 113548,2578125
1985531,5 -0.01 -4593957,5 3526915 772705,0625 3429675 2071378
2004025,75 0.06 30731004 -57691420 -3289402,5 3600698 -24129246
2028968,375 -0.26 -6106571 5778269,5 846576,125 3704275,75 2314331
2041641,25 0.1 -6061118,5 5690374 844624,5 3603470,75 2386575
2042984,625 0.0 -1507423,5 -2887902,75 677108,875 3429376,5 1458417,25
2056642,625 0.05 -7995487,5 5483743 838115,375 3433429,25 2487802,5
2061120,625 1.1 -5412100,5 4751281,5 852330,375 3694080 2359815,25
2084496 0.06 -3652142 2740483 743989,875 3373108,25 1934746
2086869,375 -0.04 -6298950,5 5519209,5 855680 3627445,5 2437332,25
2131918,25 0.44 -2717725,5 1779802,375 812788,9375 3445331,25 2315335,5
2140247,5 -0.03 -9224815 14202344 674715,5 2350981,25 2349843,25
2143292,5 0.16 -4104551,75 2404322 779616,875 3203237,25 2306116,75
2145352,5 0.15 -3902658,5 2913189,75 695724,875 3425451,75 1581095,5
2148487 -0.33 -9070489 5639487 718160,1875 2941434,5 2131999,75
2174504,5 -0.06 -6076974 4714273 853711,5625 3808834,75 2272182,75
2175489,5 -0.02 -6293665,5 6584747,5 732665,9375 3164118,25 2037802,875
2192998,75 0.2 -5331766 3958681,5 856474,0625 3779186,25 2314833,25
2219284,75 -0.09 2013551 -8249518,5 -1562296,625 2652884,25 -12253565
2219777,25 0.04 -8103305 6174569,5 557880,6875 2815076,5 1210155,25
2221076 0.09 3351753,75 -3891760,25 689221,3125 3795354,25 1228377,625
2233793,5 0.03 -6122426,5 5215431 835050,875 3741133,75 2209409
2237286,5 0.08 -5167926 6126766,5 754329,5625 3092876,5 2236706,5
2250989,25 -0.26 -7663579,5 6268633 857860,875 3597242,5 2476718,25
2275125,75 0.06 -7053671,5 5932471,5 880519,875 3755382 2489057,75
2275663,25 3.18 -7142462,5 6072796 512406,09375 2127871 1496296,875
2277544 0.03 -6526212,5 5383511,5 857296,0625 3648818 2429727,5
2279693,5 -0.06 -7286219 5821446 874776,875 3748897,75 2457706,75
2291694,5 0.11 -5034740 5577806,5 651480,5 3442771,75 1282793,75
2303740,5 0.09 -6032578,5 4549276,5 823576 3547842,5 2298332,75
2305173,5 0.37 -3339260,5 2572402,5 775752,75 3396400,5 2118906,75
2319503 0.33 -3242013,5 2519973,75 715106,9375 3112585,5 1968536,25
2327921,75 0.67 34884084 -52929652 -564495,0625 3902472,75 -6903790
2334101,5 3.68 -5443811,5 4535398,5 825863,125 3352333 2477399,75
2335176,25 0.16 -6810554,5 6077422 833093,6875 3519601,75 2383131,25
2336430 -0.09 -379570,0625 2775949,5 686246,3125 3109684,5 1785846,25
2349909 0.32 -4317015 5414352 722695,3125 3283608,25 1873406,875
2381523,75 3.79 28658164 -52491716 -31801,4921875 2547813,25 -2347728,5
2382956,75 0.0 3316871,75 273245,375 495674,6875 1337386,375 2053693,625
2386449,75 0.04 -7743914 5776727,5 847605,0625 3559446 2442677
2390435 -0.33 33361958 -47759244 -2799488,5 3907933,25 -21245018
2393569,75 -0.01 -4497767,5 814495,625 678999 2649983,25 2125937,5
2402391,5 0.01 -5666845,5 4513810 808309,6875 3516359,75 2226842,25
2411885 -0.06 -4823333,5 5238561 853991,1875 3702270,75 2363617,5
2413317,75 0.0 -4178544 5169170 670336,9375 2506134,75 2191294,25
2416139 0.0 -6479703 5628693 801520,9375 3549634,25 2155351,5
2453396,25 0.18 -5140443,5 1844567,375 686654,5625 2890243 1972984,25
2460919,25 0.0 -9956282 6188447,5 831852,25 3617847,25 2292557,5
2468352,75 -0.16 -14200266 3696537,5 555755,6875 2806843,25 1203447,5
2471711,5 -0.12 -2147985 2493759,25 728276,1875 3572158,5 1666575,75
2474711,75 0.14 -5529431 4705021 726906,125 3696725 1553080,375
2476726,75 -0.19 -3323405 3324910 608718,0625 3549293 918884,1875
2483981,25 -0.06 2095999,5 -2890987 804015 3396272,5 2300305,5
2487339,75 -0.09 -7113922,5 6023451 830823,3125 2504983 3221719,5
2494504,5 0.34 -6885603,5 6009573 839787,375 3570324,25 2383418,25
2496251 0.32 -1224138,875 4449045 806436,375 3405103 2308412,5
2500550 0.0 -6528326,5 5597852,5 773063 3177215 2285957,25
2512013,75 0.01 -4500939 4638714 742206 3130459,75 2127300,5
2517029 0.09 -5928989,5 5241645 790594,0625 3563712 2073422,625
2534403,75 -0.02 -3454477 4134472,25 801973,875 3371658 2307910,25
2536239,75 0.2 -4917409,5 4419746,5 755397,6875 3116638 2223578
2543360 0.04 -4985059,5 5274027,5 765899,5625 3280878 2152804,75
2563108 -0.04 -7235481,5 5408183,5 814981 3420674 2350130,25
2574885,25 -0.27 -7643495,5 6189989,5 872187,75 3667759 2509325
2593827,25 -0.15 1867680,5 -5348972,5 -1417384,125 2325513,5 -11048736
2605649,25 0.02 -2992553,75 5440566 727862,375 3013913,5 2133327
2616307 -0.04 -9059918 12595555 700774,5 2915753,5 2042107,375
2617202,75 0.02 -5618222 6136019 782692,5 3207503,25 2322258,5
2625890 0.56 -3164850 -223286,21875 569070,375 2348037,75 1674646,625
2635920,75 0.29 -6073803 5807568 870879,1875 3636190,75 2527475,5
2646668 0.05 -5073850,5 5568554 714810,5625 2773824,5 2251485,5
2647698 0.01 -5940617 5778269,5 784990,8125 3270682,25 2283876,75
2649578,75 0.2 -5305340,5 4692685 748502,6875 3026071,5 2255503
2667894 -0.06 -7933122,5 5991068,5 696943,9375 3286167,75 1706069,5
2678641,25 0.06 -6566380 6213120 802108,125 3238815,5 2420472,75
2683432,75 0.5 -6878204,5 5847660,5 851558,625 3557099,75 2470046,25
2698031,25 0.16 -2992553,75 2162224,25 629179,375 3084600,5 1440876,5
2699777,5 0.24 -4732429 3670323,25 619835,0625 2592435,5 1794778
2708017,25 -0.05 -7884499 6017283 842040,9375 3648178,25 2332445,75
2713793,75 0.17 -7557876 8171490 730574,5625 2981406,75 2178093,75
2719660 -0.04 -505356,90625 1950967 799401,5625 3559958 2133075,75
2728347,5 -0.02 -277809312 401586432 766324,5625 3063142,75 2338651,5
2728929,5 -0.04 -7072698,5 6197700 864023,3125 3580903,75 2529986,5
2733452,5 -0.5 -7557876 6193073,5 814522,4375 3512435 2270030,5
2741244,25 0.1 -7066356 -3745268 770032,0625 3680343,75 1843418,875
2750110,75 -0.02 -6853892,5 6222372 852201,75 3587772 2448380,25
2765739 -0.13 -5025227 4234704 713384,5625 3080164 1984785,75
2774650,25 0.37 -2769520 577024 769053,4375 3655174,5 1858341,125
2776217,5 -0.06 -8552543 5685748 866120,375 3854950 2313039,75
2777158 0.28 -6844379,5 5995694,5 866545,375 3647069 2490528,5
2779576 0.28 -4903668 3844571,75 760620,625 3313214 2091788,5
2783069 0.05 -5868738,5 4467549,5 812173,8125 3619340,25 2165072,5
2789024,75 0.17 -3998848,5 3176875,75 823777,3125 3629194,75 2231218,25
2803220 0.31 -19206372 36772944 219443,9375 -752897,4375 2039345,375
2817236,25 -0.11 -5871909,5 6254754,5 733286,6875 3118301,75 2080345,625
2828610,5 -0.12 -6923657 6100552,5 896496,375 3841938,75 2518794,75
2836850,25 -0.04 -7020903,5 5890837 738095,875 3321703,25 1940162,5
2839178,75 -0.1 -4515737,5 5358839 712741,5 3221751,75 1861533,625
2839850,5 0.11 -5106618,5 3929383,25 813292,1875 3506804 2266874
2844642 0.46 -7520880 6017283 873764,6875 3718652 2476646,5
2848358,75 -0.02 -6663627 4720441 805508,0625 3648860,75 2097492
2851806,75 0.02 -5278914,5 5122909,5 702547,1875 3050643,5 1940054,875
2856598,25 0.08 -6327490,5 5713504,5 826153,9375 3471908,25 2378719,25
2859374,75 0.05 -7272477,5 6085132 894472,0625 3830036,5 2515781,75
2867345,5 -0.04 -8164612,5 6051207,5 905354,1875 3915313,5 2513916,25
2871375,75 -0.15 -7039930,5 3972559,75 783978,6875 3797060,75 1834774
2881182,75 -0.01 -21540298 38908644 367152,46875 -623979,75 2878471,5
2882123 0.28 -2006342,75 -1446110,875 735736 3148078,25 2071055,125
2885033,75 0.03 -7052614,5 6132935 784979,625 3588753,25 2016352,125
2894930,25 0.06 -4994573 5954060 777413,5625 3039082,75 2430014,5
2895378 0.58 -6390912,5 5099779 847476,4375 3489270,75 2500931
2901781,5 -0.04 -5062223 5409725,5 842175,1875 3571476 2397802,5
2908857 0.13 -5803202,5 4928614,5 787272,375 3347768,5 2233693,5
2911364,5 0.05 -6947968,5 5274027,5 849651,75 3555990,5 2458783
2913514 0.06 -5924761,5 4669554,5 809825,125 3588198,75 2176192,5
2914409,75 0.1 -7952149 5920135,5 858168,4375 3654961 2430158
2917633,75 0.15 -6739733 5540797,5 839636,375 3660762,75 2306403,75
2918619 0.05 -4462885,5 5088985 793619,375 3383773,25 2244096
2945487,25 0.01 -6324319,5 5366549 819628 3556545,25 2265690,25
2960309,5 0.41 -6956425 5062770,5 853840,1875 3592848,5 2454622
2974146,5 0.28 -6080145 4428999 848231,375 3569983 2437870,25
2978087,25 0.54 -2940759,25 1216963,75 815612,9375 3342564 2419899
2996044,25 0.09 7839913 -4536326 647633,1875 3200336,5 1461932,625
3002268,75 -0.09 -6307407 5964854 815540,1875 3352631,75 2410931,25
3003074,75 0.0 -5286314 5018052 739499,4375 3717031 1616715,25
3004059,75 0.13 -5505119,5 4418204,5 804674,875 3768180 1991816,5
3011180 0.15 -6062175,5 5183048,5 862401,625 3726586,75 2397085
3012254,75 0.36 -2605680 1354203,875 821311,25 3776285,25 2091716,75
3012702,5 -0.13 -7422576 5372717 876292,3125 3769587,75 2450030,5
3013060,75 531.79 -7637153,5 8219292,5 909195,9375 3900723,75 2550827,5
3015747,5 0.68 -6754531,5 5702710 875101,1875 3700564,25 2500429
3017091 0.56 -5955415 5605562,5 856910,25 3663493 2414948,75
3021345 -0.17 -7060014 6000321 892285,5625 3812631,5 2516427,25
3021345 -0.27 -6499787 6240876,5 677466,8125 3046974,75 1782259,125
3032226,75 -0.05 -7284105 6564701,5 828972,3125 3625056,75 2268021,75
3032361 0.11 -3092971,75 1829147,125 773644,5625 3376009,25 2122529,75
3034734,5 0.14 -4501996 4652592 863788,4375 3689003,5 2437583,25
3035495,75 -0.12 -6372943 5172254 829067,375 3633546 2261493,25
3038719,75 0.14 -5926875,5 5991068,5 846710,3125 3559147,5 2437260,5
3039705 0.11 -6629802 4754365,5 713457,25 2867633,25 2163924,75
3039794,5 -0.38 -6162593,5 4627920 775361,3125 3170517,25 2306332
3048795,5 0.18 -5461781 3079728,25 882941,25 3797700,5 2469077,75
3050407,5 0.15 -5744009 6157607 789240,8125 3401221 2201373,75
3053542 0.51 -7207998,5 6055833,5 784191,1875 2983241 2520444,75
3056184,25 0.25 -4970261 4254750 823402,625 3396869,75 2424167,5
3056632 -0.22 -11093649 9289457 445648,15625 2881839 434089,96875
3062543 0.28 -6377171 4942492,5 601152 3834558,5 630482,75
3065005,75 0.54 -5477636,5 4137556,25 826847,375 3571390,75 2299516,5
3065946,25 0.2 -8350650,5 6384284,5 881123,8125 3718310,75 2524175,5
3068364,5 -0.58 -7688948 5929387,5 657726,8125 3449000 1317588,375
3068901,75 0.21 833902,9375 -301929,40625 713759,25 3093303,25 1976105
3071723 0.0 -5921590 5096695 831919,375 3598821 2308950,5
3073245,5 0.03 -5242975,5 3989522 717751,9375 3333861,5 1799441,25
3075574 0.02 -7672035,5 6302557,5 895501 3819158,5 2531529
3081082 0.02 -7722773 6125224,5 803220,9375 3779101 1973307,125
3082156,75 1.05 -7648781 6206952 847929,375 3586407 2422123
3083276,25 0.79 -6344403 5402015,5 863419,375 3604878,5 2505953
3089008,25 0.09 -4795851 3389675 828250,9375 3792837,25 2122314,5
3092859,25 0.15 -5437469,5 3297153,5 795928,875 3662000 2024997
3094381,75 -0.04 -7759769,5 8062006 516779,09375 2639403,75 1094220,75
3095725,25 1.0 -6286266,5 5884669 747462,5625 3370420,75 1959281,625
3096889,5 0.06 -5248260,5 4213115,5 847638,625 3686273,25 2336284
3097650,75 2.85 -6860235 5403557,5 843416,625 3571006,75 2406124,5
3100695,75 0.0 -7346469,5 6913198,5 855115,1875 3500789 2540209,75
3106203,75 0.25 6740599 -10374427 -884584,25 -2014814,75 -3981429,5
3109831 0.12 -4934322 3599390 816138,5625 3752907,75 2078157,5
3115607,75 0.1 -6776729,5 5277111,5 867238,75 3754017 2405048,5
3116234,5 0.58 -4036901,75 3631772,5 814326,75 3482786,5 2293705,25
3120399,25 0.03 -4688033,5 3644108,75 767001,1875 3305108,75 2139496,75
3120757,25 0.02 -7371838,5 6071254 874614,6875 3807171 2407667
3121205,25 0.09 -4099266,5 3722752 487829,03125 3083747,5 534887
3128101,25 0.22 -6574836 5870791 857681,9375 3575315,5 2494008
3130250,75 1.08 -9161394 9793699 859689,5 3483938,25 2583685
3131236 0.0 -6737619 5577806,5 834446,9375 3557526,25 2359923
3136788,75 0.06 -1779080,75 570855,875 844507,0625 3818177,25 2205283,75
3149013,75 0.15 -6289437,5 5406641,5 867456,875 3711101,25 2442533,5
3151879,75 -0.04 -5245089,5 4347271,5 828681,5625 3676930,75 2222537,75
3154745,75 -0.03 -8555715 5889295 871745,9375 3682647,25 2493936,25
3157119 0.0 -7833761,5 6089758 810971,5 3716945,75 2075287,875
3162761,25 0.18 -10063042 5822988 863911,5 3668484,25 2455626,25
3164104,75 0.2 -7011390,5 5435940 859230,9375 3568532,5 2509647,75
3165806,5 0.75 -2223034,25 -1677414,375 745410,25 3737507,75 1637448,625
3167149,75 0.27 -4852930,5 2254745,5 825768,0625 3501471,5 2351385,75
3167373,75 0.12 -7315815,5 5704252 852934,3125 3638537 2410357,25
3167866,25 0.29 -5238747,5 2566234,25 853918,5 3750774,75 2322294,5
3170239,75 0.13 132033,546875 1486817,875 860561,875 3788742 2333019,75
3179867,5 0.29 -6088601,5 5459070,5 870532,5 3754401 2425853,5
3181121,25 0.23 -5951187 4951745 885178,0625 3813484,75 2470118
3185509,75 -0.04 2219672,25 152967,53125 197864,203125 893000 517023,3125
3186898 0.07 -7831647,5 6242418,5 878389,3125 3725136,25 2500859,5
3192898,5 0.15 14278297 -24809310 555241,25 3922608,25 261945,875
3193704,5 -0.28 -7655123 6658765 877852,5 3730511,5 2492860,25
3193749,25 0.02 -7776682 6509188,5 896099,375 3860879,5 2500285,5
3197824,25 0.35 -5394131 3997232,25 874564,375 3744631,75 2459966,75
3206108,75 0.26 -6269354 5298700 882018,5625 3849276,25 2419755,5
3208526,75 0.52 -3635229,5 5181506,5 731206,4375 3046462,75 2127408,25
3211168,75 0.43 11451793 -24405300 -83802,0078125 3075172,75 -3124726,5
3215781,25 0.06 -5895164,5 5873875 866405,5625 3656795,5 2481453,25
3217124,5 0.06 -6957482 5244729 844909,6875 3569300,5 2417136,75
3219901 1.04 -5199637 4584743 836236,4375 3510686 2410787,75
3225006 0.05 -8969014 6091300 669939,875 2100526 2529807,25
3232573,75 -0.15 -21573066 93837064 -1303032,125 -11340358 1175862,75
3253934 0.0 -9390770 6348818 873619,3125 3725349,75 2470046,25
3255456,5 0.38 -8636049 6745118 877802,1875 3710504 2509432,5
3256710,5 -0.01 -7398264,5 5893921 817732,3125 3573438,5 2239325,25
3263024,5 0.99 -6875033,5 5519209,5 812112,3125 3270255,75 2458244,75
3265129,25 0.27 -4458657,5 4163770,75 843321,5625 3569257,75 2406985,5
3267368,25 0.41 -6595977 6267091 787127 3460390 2138026
3271577,5 0.07 -7665693,5 6210036 894091,8125 3914460,25 2442390
3271980,5 0.03 -7768225,5 6179195,5 896132,9375 3851622,5 2508320,5
3280757,5 0.02 -7197428 6169943,5 821456,625 3579624 2258014
3281026,25 0.23 -9522899 12262478 583537,0625 2612186,75 1545296,375
3282414,25 0.59 -6006153 5482201 744297,4375 3331941,75 1971334,25
3282459 0.6 -5957529,5 4146808,5 857810,5625 3644381,5 2436758,25
3283578,5 0.79 -6555809,5 5247813,5 809288,3125 3248371,25 2458460
3283623,5 0.06 -6550524,5 5260149,5 890820,4375 3903368,75 2430732
3288549,25 -0.21 -5277857,5 4698853 867512,75 3864932,25 2313542
3302341,5 -0.23 -8230148,5 6888526,5 833596,9375 3702057,5 2232940,25
3307849,5 0.24 -6462790,5 6264007 883148,1875 3794458,5 2473095,25
3310133,25 -0.31 -7010333,5 5841492,5 866690,75 3823339 2343243
3310312,5 0.07 -6617117,5 5554676 800978,5 3627957,5 2086013,25
3311029 0.06 -7946864 6288679 859376,3125 3685121,5 2412509,5
3312372,25 0.19 -6673140 5590142,5 889539,875 3851067,75 2466495
3313402,25 0.52 -7237595,5 5903173,5 863223,6875 3630559,75 2483103,25
3315238,25 -0.21 -10405521 12333411 841386,6875 3573993 2390592,5
3315820,5 0.03 -7456401 5986442,5 908329,1875 3942359,75 2510221,75
3326612,5 0.08 -7202713,5 5466780,5 876817,9375 3763530 2458496
3333150,5 -0.02 -7576902,5 6595542 849556,6875 3456124,25 2542110,75
3340404,75 0.29 -4457600,5 4169938,75 817939,1875 3427926 2362972
3343270,75 -0.15 -6380342 4623293,5 719368,0625 3309033,5 1830684,75
3343315,5 0.05 -5972327,5 5890837 831494,375 3571817,25 2328966,5
3348420,5 -0.29 -7514538 6055833,5 876415,3125 3837118,25 2394036
3354062,75 0.2 -5337051,5 4382738 873815 3838270 2376387,5
3363735,5 -0.16 -5819058 5102863 823106,25 3469860,5 2360891,5
3366646 1.55 -6924714 5822988 844518,25 3532997 2445152
3369243,5 -0.02 -5517804 3600932,25 833384,4375 3544216,5 2364299,25
3371751 0.29 -6275696 4580117 875319,3125 3731663,25 2475642,25
3373273,5 0.02 -6886660,5 5209262,5 839664,3125 3547800 2401533
3378960,75 0.06 -6333833 5839950,5 856535,5625 3606755,75 2460217,75
3379587,75 0.29 -7290447 5620983 872590,375 3737635,75 2453151,25
3379901 0.42 -5709126,5 5391221,5 771133,6875 3109812,5 2330257,75
3380752 0.16 -687166,4375 -1635779,75 835475,875 3866254,75 2106926
3382005,75 0.12 2819009,5 -7475423 -323566,96875 -215214,3125 -1895899,625
3385453,75 -0.02 -6826410 5645655,5 871041,375 3765961,75 2419396,75
3385856,75 0.29 -5548458 4112884 886285,3125 3883020 2418751
3390379,75 0.18 -6938455 5704252 877679,125 3713789 2505845,5
3396290,75 0.18 -7050500,5 5946350 859040,8125 3618487 2466459,25
3397589,25 0.14 -6636144 5943266 863425 3749111,25 2384673,75
3398037 0.05 -5606594,5 4637172 865963,75 3761098,5 2390915,25
3398977,5 0.01 -7105466,5 6026535 839351,1875 3522460 2420903,25
3399246,25 0.16 -6812668,5 5639487 860970,0625 3665924,75 2438946,25
3400947,75 0.31 -9890746 5179964 443114,96875 2902998,25 400048,5625
3406679,75 0.59 -4988230,5 4735861,5 852408,625 3652870,75 2395004,5
3407933,5 0.07 -4831790 5088985 794827,25 3593915 2075180,25
3413934,25 0.04 -7489169 6149897 903950,625 3886987,25 2528731
3414785 0.29 -6342289 4886980 882337,3125 3736270,5 2516786
3418054 -0.02 -8104362 5932471,5 880212,3125 3866681,25 2393498
3418054 0.19 -3596119,25 -201697,875 829279,875 3732687,25 2179456,75
3419307,75 0.09 -6654113,5 5884669 869235,125 3667247 2490815,5
3419800,25 0.03 -5398359 3395843 877578,5 3879266 2366056,75
3421546,75 0.07 -6140396 5904715,5 875308,125 3695274,5 2506240
3422218,5 0.15 -4729258 5429772 832489,75 3492854,25 2401748,25
3424995 -0.17 -8835828 10876199 850060 3483042,5 2522704,75
3425756,25 -0.01 -6193247,5 4695769 848404,75 3787462,25 2256112,75
3425935,25 0.36 -5466009,5 4408952,5 874983,75 3763530 2446730,25
3427637 0.21 -6952196,5 4940950,5 883153,75 3887840,5 2394610
3436369 -0.5 -9141310 6191531,5 855187,875 3719676 2356622,75
3444205,75 0.01 -7050500,5 5593226,5 838814,375 3780892,5 2200118,25
3446041,75 0.24 -5919476 3024215,25 743016,875 3675949,75 1673857,5
3447161,25 0.23 -8319996,5 7349591,5 884848,125 3809816 2471050,75
3452758,75 0.13 -7050500,5 5775185,5 857933,5625 3765833,75 2335423
3454146,75 -0.21 -8559943 7860001 812537,3125 3458811,75 2302386
3458042,75 -0.18 -5223949 4291758,5 859778,9375 3769758,5 2343996,25
3458535,25 0.06 -6507186 5630235 868575,25 3700180,5 2458890,5
3463729,75 0.07 -6636144 5540797,5 891631,3125 3874573,25 2460146
3464312 0.34 -5758807 3984896 855523,4375 3616524,75 2445510,75
3465342 0.3 -7979632 6233166,5 900919,6875 3895434 2502186,5
3465655,5 0.05 -6043149 4666470,5 853823,4375 3704489 2360640,25
3467446,5 0.0 -6036806,5 -5145425,5 -1386247,5 3405401,75 -11757005
3468790 -0.18 -5201751 4012652,5 498487,46875 3698260,75 86537,53125
3470088,75 0.33 -6538897 5193842,5 875492,625 3710632 2494474,25
3475731 1.31 -4642581 5752055 867188,4375 3620534,75 2517001,25
3476402,75 -0.05 -6862349 5668785,5 886078,375 3828031,5 2463661,25
3477746 0.0 -6877147,5 6299473,5 875011,75 3677272,25 2519440,5
3478417,75 0.06 -7525108 5841492,5 737542,25 3789339,25 1543395,25
3480522,5 0.04 -7409891,5 6219288 886028,0625 3870350 2427790,5
3480701,5 0.1 -5834913,5 4572407 840111,6875 3689089 2285634,5
3481910,75 -0.09 -6087544,5 5196926,5 586646,25 3432277,25 875731,5625
3482940,5 0.13 -6672083 5500705 885742,875 3870222 2426032,75
3483119,75 0.19 -7060014 6134477 850507,3125 3633460,5 2399129,75
3486970,75 0.05 -6919428,5 5439024 824906,9375 3651719 2219524,5
3486970,75 -0.05 -6681596,5 6125224,5 827770,0625 3413848,25 2437942
3489030,75 0.29 -6007210 4643340 877410,6875 3787377 2442246,5
3497180,75 0.11 -7451116 5930929,5 882594,5625 3827221 2441995,25
3497225,5 0.36 -6973337,5 5986442,5 888712,25 3798041,75 2505809,5
3498703,25 -0.79 -4240909 10259390 809903,4375 3640243,5 2132896,5
3500315,5 0.11 -6405711 4894690 877617,625 3757856,25 2468396,25
3502420 -0.22 -7482827 6594000 799189,0625 3468495,5 2208619,75
3506987,75 -0.01 -6825353 4999547,5 883813,625 3838440,5 2440381,25
3507480,25 0.12 -7259793 6527693 855836,5625 3639817 2427934
3510391 0.12 -6150966 3694995,5 821490,1875 3306260,5 2488089,25
3514286,75 0.03 -7643495,5 5016509,5 835067,6875 3704275,75 2240509
3517869,25 0.01 -8180468 6157607 863167,75 3628085,5 2484825
3518496,25 0.33 6818819,5 -14835501 553697,8125 3952256,75 227115,296875
3520242,5 0.52 -5754579 4614041,5 877779,8125 3735886,5 2487910
3523243 -0.29 5680396 -12086073 -1594875,875 -10173060 -1677733,25
3523646 -0.64 -6521984,5 5378885,5 880078,125 3762165 2480520,5
3526198,5 0.07 -7075869,5 5784437,5 903089,4375 3868643,75 2538631,25
3527138,75 -0.15 -4710231 4777496 355755,875 1897849,75 684862,9375
3530318,25 0.15 -1864700,375 -7244119,5 204244,734375 2267837,5 -598128,9375
3530990 -0.11 -6992364 6216204 825399 3521180,25 2332445,75
3534482,75 0.15 -6064289,5 4003400,25 867602,25 3791557,5 2375813,75
3536587,5 0.3 -7210112,5 6077422 873943,625 3869326,25 2351098,75
3539319 0.04 -7328500 5779811,5 862435,1875 3683671 2433350,5
3541871,5 -0.13 -7349641 5835324 871432,8125 3777309,25 2412366
3543080,5 0.46 -6998706 6211578 871365,6875 3700479 2476539
3543349,25 0.24 -6389855,5 5183048,5 803271,25 3795183,75 1960106,625
3543573,25 0.06 -6893003 5639487 877656,75 3860965 2381947,5
3543573,25 -0.23 -6129825,5 4998005,5 870241,6875 3721553 2451608,75
3543707,5 -0.02 -7567389,5 8057380 842208,75 3553815 2412832,25
3543707,5 -0.1 -7437374,5 6077422 856110,5625 3615500,75 2450138
3545274,75 43.42 -6880318,5 5119825,5 811027,4375 3483853 2271644,75
3546528,75 0.04 -6978622,5 -727527,875 777592,5625 3778674,25 1809269,875
3547513,75 0.09 -6231300,5 4765160 774751,75 3877090,25 1708293,5
3547737,75 0.14 -7080097,5 5827614 894410,5625 3809090,75 2533035,5
3548454,25 0.37 -7042044,5 6419751 881107,0625 3718737,5 2523673,25
3549439,5 0.04 -8570513 7186137 889265,875 3676077,75 2611879,5
3550738 0.27 -6022008,5 4550818,5 873440,375 3719121,25 2474171,5
3551051,5 0.11 -6901459 5732008,5 826025,3125 3682092,75 2201158,5
3551141 -0.3 -5703841,5 5949434 868189,4375 3665668,75 2485435
3552350 0.08 -7464857,5 6149897 886402,75 3800046,75 2489273
3552753,25 0.27 -6533612 5244729 881381,0625 3773811 2479085,75
3555484,75 -0.2 -7610727,5 6982589,5 716085,5 3795141 1400916,375
3555932,5 25.95 -8374962 6968711,5 850060 3495456,5 2512266,25
3557723,75 -0.14 -6378228 5127535,5 860573,0625 3897609,5 2241513,25
3557813,25 -0.01 -5684815 4578575 834743,3125 3480227 2426822
3558574,5 -0.05 -7110751,5 10734333 614880,5 1859498,625 2379293,25
3559649,25 -0.47 -7488112 6171485,5 822530,3125 3522886,5 2312609,25
3564351,25 -0.3 -7354926 6162233 873423,5625 3766473,75 2434247,25
3566724,5 0.01 -7221740 6114430,5 882751,125 3832638,75 2438444,25
3568381,5 0.06 -8093791,5 7454449 800777,1875 3501044,75 2191401,75
3568426,25 0.08 -7508195,5 6254754,5 831063,75 3418839,5 2454837
3569590,5 0.15 -7742857 5789063,5 866377,5625 3797743,25 2362756,75
3573262,5 0.04 -6351802,5 5679580 862960,875 3753675,75 2377894,25
3574650,75 0.19 -6438479 5705794,5 864230,25 3657904,75 2466566,75
3574829,75 0.29 -7168888,5 5818362 880564,625 3841085,5 2417316,25
3576486,75 0.15 -6929999 5693458 864252,625 3842450,5 2311533,25
3576889,75 -0.37 -7276705,5 6674185 901797,6875 3851238,5 2544980,5
3579352,75 -0.25 -7253451 6345734 881431,375 3714002,25 2529735,5
3582218,5 -0.34 -7207998,5 5238561 788894,0625 3263302,25 2315120,25
3584009,75 -0.27 -8009229 6723530 911801,875 3911303,5 2558647,25
3584233,75 -0.4 -7890841,5 5050434,5 811927,75 3769203,75 2037480
3586025 0.06 -5723925 5548508 847856,6875 3620364 2393103,5
3586920,5 0.13 -6840151 5721214,5 838512,375 3710973,25 2256973,75
3587950,5 0.12 -7858073,5 6040413,5 881845,1875 3853200,75 2415379,25
3588398,25 -0.2 -7616013 6114430,5 908687,0625 3923162,75 2528731
3592518 0.01 -6209103 5559302 864012,125 3714855,25 2417244,5
3592831,5 0.08 -5560085 4569323 837142,3125 3674925,75 2278496
3593727,25 0.02 -6325376,5 5361923 851184 3717585,5 2332697
3594801,75 0.2 -8453182 6188447,5 873815 3877943,5 2343027,75
3596324,5 0.28 -1845673,75 3465234 573348,3125 2208242 1819636,5
3599638,25 0.05 -6705908 5186132,5 880162 3836563,5 2418535,75
3600309,75 0.07 -6708022 6140645 850384,3125 3604409,25 2422732,75
3601295 0.18 -7270363,5 6045039,5 822166,8125 3593275,25 2251090,75
3607430 -0.02 -6591748,5 5765933 901831,1875 3888608,5 2513737
3612176,5 0.13 -6812668,5 5491453 888304,0625 3855163,25 2455124
3613654,25 0.1 -4706003 4714273 856994,125 3803118,25 2298045,75
3613967,75 -0.44 -2245232 674171,5 -785168,75 1969646,125 -6694053,5
3614953 -0.25 -7051557,5 5357297 870431,8125 3667503 2498240,75
3615580 0.05 -8139244 -11967337 -87274,6796875 3501556,75 -3505495,25
3616341,25 0.14 -7336956,5 6049665,5 880117,25 3884086,5 2378253
3617729,5 0.13 -7629754,5 6180737,5 889036,625 3835838,25 2476072,75
3618132,5 0.13 -6999763 6185363,5 865029,875 3673731,5 2458388,25
3619296,75 0.02 -7362325 5984900,5 903134,1875 3946412,25 2473525,75
3619923,5 -0.54 -8842170 10897787 787428,9375 3281262 2290584,5
3620147,5 0.22 -7256622 5895463 876907,4375 3730682,25 2486654,5
3625252,5 0.06 -6784128,5 5065854,5 883237,625 3874018,75 2406734,25
3626148 -0.01 -7826362,5 6219288 903788,4375 3908530,5 2509576
3626954 0.28 -5227120 3838403,75 802477,1875 3569001,75 2145164,25
3626999 0.06 -6400426 5428230 869760,8125 3732175,25 2439592
3627939,25 0.03 -7116036,5 5809110 859387,5 3726330,75 2377966
3632686 0.3 -5976556 4666470,5 866741,0625 3830633,75 2337432
3633805,5 0.04 -7718545 6288679 892386,25 3854736,5 2481704,25
3633895 -0.06 -7214340,5 5981816,5 854857,9375 3840275 2253099,5
3638283,5 -0.02 -6982850,5 6086674 882997,1875 3781703,25 2482852,25
3638776,25 -0.47 -5951187 3830693,75 868675,9375 3674968,5 2480735,75
3640388,25 0.04 -6850721,5 5952518 877036,0625 3897993,5 2346830
3640612 0.3 -6482874,5 5095153 882527,4375 3810242,5 2455841,5
3641194,25 -0.37 -5296884 5821446 516505,09375 1598591,875 1967639,5
3642493 0.09 -3596119,25 -375946,53125 -1257602,25 3651889,5 -11139094
3645717 0.07 -6423680,5 4587827 857905,625 3769971,75 2331764,25
3646165 -0.19 -6492387,5 5568554 871253,875 3773256,5 2414590
3647329,25 -0.1 -6639315 5673412 832344,3125 3734393,5 2197715
3647463,5 0.05 -6780957,5 5423604 862513,5 3870520,75 2276774,25
3647597,75 0.03 -5508290,5 4180733 856770,4375 3875128 2236061
3650687,75 -0.16 -7635039,5 6149897 878462 3840744,25 2404080
3651762,5 0.04 -6673140 6108262,5 857240,1875 3635764,25 2440345,25
3652926,75 0.01 -6851778,5 5796773,5 771681,75 3758112,25 1788644,125
3653061 -0.14 -7607556,5 7295620,5 781512,5625 3545197,75 2030736,375
3656061,25 0.17 -7244994,5 5884669 894449,6875 3889291 2465849,5
3657673,5 0.0 -3012637,5 1241636,125 755078,9375 3846759,25 1607604
3658255,5 0.09 -6940569,5 5918593,5 894114,1875 3847441,75 2498886,5
3658300,25 2.58 -6282038 5036556 865477,25 3666991,25 2466925,5
3660181 -0.19 -6784128,5 5463696,5 858722,0625 3891253,25 2235020,75
3661658,75 -0.3 -6821124,5 5437482 753887,8125 3705214,25 1719018,875
3662868 -0.03 -7272477,5 6011115 895864,5 3858789,25 2500572,5
3664166,5 0.04 -6595977 5258607,5 883237,625 3866937,25 2412760,75
3664211,25 -0.11 -6934227 5639487 881392,25 3900595,75 2372585,25
3664480 -0.08 -7812621 7608651,5 842974,8125 3599375,5 2379472,5
3665420,5 0.0 -7851731 6624840,5 909665,6875 3895903,25 2557894
3665734 0.3 -7095953 5711962,5 883371,875 3724027,25 2533788,75
3665823,5 0.0 -7437374,5 6045039,5 887962,9375 3847569,75 2459321
3667166,75 0.21 -6241871 5297158 875688,375 3738275,5 2472485,5
3667435,5 0.03 -6685824,5 4749739,5 624174,5 3771934 830857,1875
3668017,75 -0.05 -7187915 6237792,5 892112,25 3850172 2483784,75
3669271,5 0.18 -7266135 5941724 885485,625 3844583,5 2445905,25
3670301,5 0.07 -7381351,5 6021909 819941,1875 3762549 2094514,625
3673884 0.05 -6851778,5 5307952 877992,3125 3817964 2420293,5
3674645,25 0.01 -6168935,5 4863849,5 838009,125 3870734 2119445
3674690 -0.1 -6326433,5 4731235,5 828374 3506932 2363510
3678765 0.1 -4037958,75 3135241 825130,5625 3885323,5 2024530,625
3679750 0.06 -7474370,5 5859996,5 885055,0625 3849958,75 2438659,25
3680377 0.0 -7469085,5 6169943,5 875459,0625 3804867,5 2415020,5
3680780 0.18 -7307359,5 5875417 884501,4375 3899998,5 2393031,75
3681272,75 0.0 -6702737 6062001,5 852313,5625 3635380,25 2409066
3682123,5 0.14 -6703794 4808336,5 868681,5 3730554,25 2434032
3684541,5 0.27 -3426994 4068165,25 880984,0625 3768350,75 2481202,25
3685571,5 0.29 -5989240,5 4254750 850658,3125 3844882,25 2222286,5
3685661 0.29 -7044158,5 5741261 896949,375 3884299,75 2486080,5
3686153,75 0.09 -6424737,5 5264775,5 863704,5625 3803459,5 2340803,75
3687989,75 -0.04 -7345412,5 6356528 883299,125 3778333 2487623
3688168,75 0.37 -7028303 5708878,5 849763,625 3828031,5 2230716,25
3689378 0.05 -6868691 6123682,5 874469,3125 3722235,5 2478189
3691885,5 0.0 -7845389 6953291,5 896390,125 3851750,5 2509863
3692154,25 0.01 -5425842 4045035 502709,46875 3873762,75 -33952,578125
3697886,25 0.29 -8135015,5 6168401,5 890792,5 3896201,75 2436578,75
3700259,5 -0.5 -7015618,5 6186905,5 859527,3125 3745485 2362756,75
3700662,5 0.08 -7211169,5 6041955,5 887409,3125 3864591 2441421,5
3702095,5 0.07 -6776729,5 5983358,5 892347,0625 3831444,5 2501002,75
3704424 -0.39 -7156204 6001863 781568,5 3026327,5 2467392
3704513,75 0.11 -5871909,5 5027304 889562,25 3914375 2413406,25
3705095,75 -0.04 -7425747 6000321 903542,375 3937965,75 2483211
3710290,25 0.55 -6253498,5 5326456,5 875190,6875 3674243,25 2523135,25
3710469,5 0.05 -6703794 5144497,5 811474,8125 3884769 1937400,375
3710514,25 -0.14 -7549420 6230082,5 850473,8125 3786353 2270317,5
3714275,75 0.09 -4234566,5 3223136,5 409741,5625 3574121 -378312,5
3714634 0.0 -7264021 5661075,5 889858,625 3844071,75 2474422,5
3716290,75 -0.16 -5136215 1892370,125 880475,1875 3869710,25 2392673
3716425,25 0.14 -7480713 6001863 885798,8125 3842066,75 2450066,25
3718395,5 -0.23 -9106428 4149892,5 818828,375 3555308 2261601
3719918 0.01 -6732334 5480659 894975,375 3936814 2429261,25
3721530,25 -0.11 -7385580 6274801 889785,9375 3795610,25 2514705,5
3722022,75 0.17 -7017732,5 5705794,5 903374,625 3911346 2504554
3723142,25 -0.06 -7219626 5938640 870062,75 3718225,5 2453223
3723590 0.51 -7749199 6060459,5 907512,75 3932846,5 2512983,75
3724217 0.12 -7498682,5 6213120 912187,6875 3936558 2539886,75
3724620 0.17 -7288333 6321061,5 887633 3736867,75 2550289,25
3726053 -0.29 -7325329 9311045 845491,25 3510942 2469938,75
3727754,75 0.26 -7307359,5 6018825 872623,9375 3819030,5 2384889
3727754,75 -0.09 -7311587,5 6169943,5 877405,125 3801881,25 2430014,5
3727844,25 0.28 -6721763,5 5380427,5 872120,625 3733839 2453330,5
3728336,75 0.23 -7568446,5 6293305 906618 3891680 2541895,5
3728919 0.26 -7013504,5 5147581,5 609372,3125 1819739,875 2377356
3731561 0.0 -7264021 5983358,5 874860,75 3808066,75 2408492
3732188 0.2 -7327443 6034245,5 888030 3882806,75 2430122
3732904,25 0.19 -7311587,5 6037329,5 897273,6875 3826282,5 2536981,25
3733576 -0.22 -24258986 57485404 -295,85464478 -1570044,5 1316978,625
