3761153.0 7% 629411.0 455869.0 2.7559648E7 2.3756204E7 3803443.0
3397887.0 8% 34855.0 8636.0 4722381.0 4026975.0 670384.0
1500741.0 6% 92050.0 301631.0 5945683.0 2642372.0 3303311.0
1393515.0 5% 133827.0 56078.0 1298037.0 756453.0 541584.0
1292984.0 2% 42830.0 2427.0 1377483.0 669755.0 707728.0
1238471.0 6% 9270.0 22527.0 1029742.0 364460.0 665282.0
1228852.0 4% 328582.0 279518.0 4474484.0 1260479.0 3214004.0
1206522.0 9% 129263.0 68978.0 1364261.0 910821.0 453441.0
1161384.0 16% 98866.0 81592.0 920136.0 277235.0 642901.0
985184.0 2% 108152.0 75576.0 502422.0 208916.0 293506.0
849994.0 7% 169970.0 105283.0 702374.0 229799.0 472575.0
819590.0 27% 7039.0 865.0 166708.0 122282.0 44427.0
809805.0 12% 22028.0 4086.0 1197377.0 630608.0 566770.0
751656.0 -2% 18977.0 53247.0 2054602.0 498667.0 1555935.0
700799.0 2% 458093.0 385762.0 846898.0 136451.0 710447.0
677682.0 -7% 890.0 3885.0 1874006.0 464542.0 1409464.0
640068.0 1% 20063.0 -19831.0 464842.0 294757.0 170084.0
630763.0 -11% 32058.0 6507.0 1154880.0 492616.0 662264.0
622401.0 -7% 11818.0 32786.0 661401.0 311010.0 350391.0
621143.0 11% -14553.0 -15852.0 115417.0 181087.0 -65670.0
610738.0 31% 70054.0 65554.0 617113.0 450735.0 166377.0
584346.0 2% 86607.0 63463.0 692512.0 139648.0 552863.0
560601.0 7% 8381.0 -86127.0 934593.0 247102.0 687491.0
526798.0 -2% 22271.0 14490.0 404346.0 93658.0 310688.0
499974.0 -5% 54165.0 33366.0 818122.0 248781.0 569340.0
486209.0 -14% 4139.0 1525.0 168783.0 113697.0 55086.0
470517.0 8% 4322.0 14057.0 2655200.0 2447769.0 207431.0
466618.0 23% 30595.0 14996.0 279469.0 185236.0 94234.0
462411.0 39% 50138.0 42705.0 296502.0 174066.0 122436.0
461106.0 -4% 11888.0 1392.0 923461.0 346235.0 577226.0
454200.0 -7% -24063.0 -46403.0 1083273.0 266690.0 816584.0
444455.0 12% 17758.0 8326.0 117680.0 43959.0 73721.0
442750.0 -1% 8021.0 8021.0 430150.0 202036.0 228104.0
437632.0 -4% 6381.0 2645.0 64109.0 46222.0 17887.0
400005.0 -8% 39896.0 24625.0 876179.0 178841.0 697338.0
396828.0 10% 27256.0 5891.0 221356.0 143929.0 77426.0
394753.0 -14% 8638.0 1315.0 121937.0 92048.0 29889.0
370314.0 12% 15457.0 4707.0 413654.0 210240.0 203414.0
362530.0 14% -30161.0 -19279.0 274777.0 184023.0 90754.0
353444.0 -2% 20652.0 10532.0 176339.0 99124.0 77215.0
343538.0 28% 10317.0 13054.0 149632.0 68745.0 80887.0
334223.0 -1% 26236.0 10287.0 331740.0 193217.0 138523.0
329265.0 -7% 48684.0 10795.0 413230.0 257889.0 155341.0
319730.0 -20% -4855.0 -237121.0 191192.0 152969.0 38223.0
311288.0 -3% 11221.0 -4068.0 317769.0 132696.0 185073.0
300342.0 12% 18683.0 11004.0 300966.0 39875.0 261091.0
276821.0 5% 36372.0 21926.0 455650.0 259112.0 196538.0
260492.0 -1% 4048.0 2392.0 76774.0 35896.0 40878.0
256743.0 7% -3821.0 -2772.0 156423.0 124252.0 32170.0
255616.0 6% 11084.0 4132.0 68378.0 31528.0 36850.0
254698.0 8% 27180.0 15503.0 206696.0 92149.0 114547.0
241664.0 -9% 5163.0 -4944.0 339627.0 256286.0 83341.0
237447.0 -2% 5369.0 1.0 126619.0 105328.0 21291.0
230732.0 -3% 13509.0 6646.0 156515.0 70538.0 85977.0
227796.0 12% 15167.0 9120.0 442223.0 260508.0 181714.0
217796.0 -1% 188257.0 25217.0 827833.0 409807.0 418026.0
211810.0 -1% 2161.0 814.0 20803.0 14961.0 5842.0
211735.0 10% 86414.0 61755.0 499368.0 292363.0 207005.0
209685.0 -14% -1474.0 53.0 213128.0 138893.0 74236.0
202022.0 -1% 14503.0 20562.0 534742.0 236094.0 298648.0
201302.0 6% 16187.0 12018.0 140402.0 60372.0 80030.0
194344.0 3% 51328.0 12771.0 338317.0 95883.0 242434.0
183386.0 -5% -5166.0 -14294.0 129808.0 92986.0 36822.0
182084.0 10% 3805.0 671.0 59982.0 32903.0 27079.0
177128.0 13% 3975.0 447.0 42153.0 33161.0 8992.0
176367.0 32% -314.0 135.0 94790.0 63342.0 31448.0
173379.0 26% 1298.0 453.0 50589.0 41080.0 9509.0
170438.0 8% 2936.0 1103.0 43742.0 29076.0 14667.0
169338.0 5% 21897.0 30416.0 207331.0 49487.0 157843.0
166778.0 -15% -8431.0 -18724.0 373424.0 120943.0 252480.0
160605.0 10% 26017.0 11157.0 230709.0 116862.0 113847.0
159737.0 -2% 38307.0 26554.0 277308.0 88110.0 189198.0
158387.0 -9% 2901.0 -2825.0 160507.0 78013.0 82494.0
158243.0 1% 3157.0 1327.0 188424.0 108660.0 79764.0
157001.0 15% 142719.0 135652.0 2397888.0 77736.0 2320153.0
154372.0 20% 57517.0 10093.0 700891.0 346552.0 354338.0
153126.0 -26% 23172.0 -4702.0 676245.0 324075.0 352170.0
149710.0 -1% 18235.0 7048.0 98118.0 32207.0 65911.0
149543.0 1% -1593.0 1858.0 19058.0 8327.0 10731.0
141920.0 6% 7651.0 4637.0 42684.0 21578.0 21105.0
140915.0 8% 12161.0 3689.0 133201.0 56093.0 77108.0
138083.0 23% 148.0 -678.0 104980.0 85629.0 19351.0
135662.0 28% 25058.0 25829.0 118867.0 58518.0 60349.0
133819.0 6% 4778.0 4641.0 107024.0 62150.0 44875.0
133012.0 -11% -1158.0 -9179.0 125372.0 104319.0 21053.0
130225.0 61% 15300.0 10028.0 197433.0 153949.0 43484.0
128437.0 12% 22212.0 18489.0 263949.0 36705.0 227244.0
127717.0 -8% 4513.0 1085.0 67453.0 21226.0 46227.0
127202.0 10% 8376.0 3961.0 67390.0 50133.0 17257.0
125978.0 -2% 13672.0 13094.0 77765.0 33392.0 44373.0
124203.0 -21% 2553.0 1235.0 14413.0 9209.0 5204.0
123781.0 31% 3337.0 570.0 46699.0 37432.0 9266.0
123133.0 6% 19192.0 4423.0 80759.0 56585.0 24174.0
121408.0 -19% 1748.0 1314.0 32308.0 23069.0 9240.0
120124.0 -7% -3502.0 -8025.0 88504.0 56775.0 31729.0
119624.0 3% 1852.0 2640.0 94340.0 49930.0 44410.0
118198.0 -72% 1677.0 516.0 12470.0 7433.0 5037.0
116766.0 15% 7987.0 6958.0 56944.0 18962.0 37981.0
115231.0 3% 72186.0 50621.0 300077.0 167596.0 132482.0
114069.0 4% 5803.0 1899.0 59424.0 33307.0 26117.0
111599.0 2% 5472.0 1897.0 85330.0 59908.0 25421.0
110595.0 18% 2471.0 -780.0 76846.0 25525.0 51320.0
109679.0 19% 3117.0 2253.0 94637.0 54039.0 40599.0
108136.0 2% -2016.0 -8102.0 113780.0 63278.0 50502.0
105336.0 12% 17647.0 5317.0 76758.0 49812.0 26946.0
104333.0 2% 1961.0 428.0 13330.0 10410.0 2920.0
103163.0 6% 824.0 1091.0 22570.0 17163.0 5407.0
103003.0 13% 20274.0 14554.0 197025.0 132823.0 64203.0
102403.0 -1% 4576.0 -7801.0 145540.0 119091.0 26449.0
101826.0 20% -4228.0 474.0 47031.0 25686.0 21345.0
101272.0 75% 4462.0 1681.0 77270.0 51613.0 25657.0
100872.0 49% 2087.0 833.0 226994.0 132435.0 94559.0
100585.0 5% -1278.0 404.0 24718.0 12042.0 12675.0
100569.0 -36% -14230.0 -26422.0 229189.0 212446.0 16743.0
100422.0 9% 5252.0 6894.0 346557.0 307850.0 38708.0
100267.0 -18% 2170.0 1081.0 25628.0 17325.0 8304.0
97899.0 16% -874.0 991.0 14551.0 6557.0 7993.0
97679.0 -14% -2068.0 -5359.0 409869.0 63349.0 346519.0
97309.0 -8% -23962.0 -39902.0 81099.0 94822.0 -13723.0
96579.0 11% 8714.0 3250.0 151090.0 84276.0 66814.0
93547.0 -3% 3942.0 28.0 168127.0 58590.0 109537.0
92845.0 9% 28222.0 6027.0 54583.0 15023.0 39560.0
92713.0 8% 2624.0 3106.0 126705.0 60699.0 66006.0
92624.0 -7% -3705.0 -1212.0 45481.0 29937.0 15544.0
91200.0 6% 3441.0 1901.0 24076.0 18943.0 5134.0
90749.0 -6% 5589.0 2862.0 160086.0 44799.0 115286.0
90136.0 6% 4088.0 2835.0 42589.0 34290.0 8299.0
87990.0 -5% 365.0 487.0 18164.0 13777.0 4387.0
87536.0 20% 5260.0 1659.0 77854.0 43235.0 34619.0
85318.0 31% 10606.0 4683.0 43333.0 25672.0 17661.0
84152.0 20% 5296.0 3123.0 18852.0 13168.0 5684.0
83860.0 -22% 1067.0 166.0 40024.0 25455.0 14569.0
83114.0 23% 1456.0 318.0 12951.0 10257.0 2694.0
82424.0 6% 3912.0 917.0 50803.0 39661.0 11142.0
82194.0 14% -3997.0 3385.0 101194.0 56022.0 45172.0
81603.0 -9% 4227.0 9763.0 156302.0 60484.0 95818.0
79312.0 10% 5396.0 2535.0 43936.0 25041.0 18894.0
77137.0 15% 4532.0 3687.0 81505.0 37069.0 44436.0
75610.0 29% 5768.0 3329.0 36318.0 29096.0 7222.0
75400.0 1% -1593.0 156.0 41075.0 24799.0 16275.0
73156.0 24% -1405.0 313.0 18132.0 11946.0 6186.0
73156.0 12% 4804.0 1521.0 85060.0 19330.0 65730.0
72545.0 14% 43470.0 13713.0 1254025.0 660689.0 593336.0
72318.0 18% 18556.0 12084.0 44553.0 22680.0 21873.0
71259.0 0% -12736.0 -69779.0 580982.0 468579.0 112403.0
70281.0 -1% 951.0 150.0 24312.0 21555.0 2757.0
70178.0 9% 543.0 581.0 14685.0 11416.0 3269.0
69743.0 14% 746.0 2001.0 83740.0 59378.0 24363.0
69477.0 6% 12247.0 3665.0 436927.0 99014.0 337913.0
68570.0 -3% 1423.0 444.0 36020.0 32413.0 3607.0
68294.0 44% 457.0 329.0 51105.0 36483.0 14622.0
68045.0 -1% -838.0 -1061.0 17533.0 11454.0 6079.0
66932.0 6% 180.0 248.0 6917.0 5056.0 1861.0
66857.0 12% 4733.0 1089.0 64021.0 44701.0 19320.0
66354.0 2% 1633.0 507.0 21440.0 17592.0 3849.0
66152.0 3% 676.0 264.0 29488.0 21876.0 7612.0
65656.0 100% 4838.0 3188.0 25289.0 15611.0 9678.0
65625.0 7% 4146.0 1410.0 38090.0 29609.0 8481.0
63545.0 15% 1939.0 2499.0 27700.0 14556.0 13144.0
63439.0 2% -1344.0 755.0 39686.0 32498.0 7188.0
62954.0 8% 17047.0 -13825.0 295720.0 183179.0 112540.0
62587.0 -18% 24290.0 29793.0 1195240.0 51727.0 1143513.0
61397.0 -32% 1171.0 152.0 33831.0 26211.0 7619.0
61262.0 8% 3546.0 6386.0 57839.0 21431.0 36408.0
61082.0 34% 3913.0 1108.0 41966.0 25307.0 16659.0
60587.0 7% 6312.0 4605.0 82894.0 15958.0 66936.0
60505.0 9% 3117.0 409.0 35337.0 28392.0 6945.0
60284.0 5% -113.0 164.0 29634.0 13933.0 15701.0
60244.0 296% 20065.0 17035.0 40912.0 19306.0 21605.0
59990.0 -1% -328.0 564.0 8520.0 3752.0 4767.0
59872.0 -37% 2357.0 1428.0 51255.0 33823.0 17432.0
58957.0 37% -1379.0 -2955.0 177533.0 171340.0 6193.0
58569.0 2% 7410.0 2299.0 85993.0 59697.0 26296.0
58483.0 29% 4004.0 1874.0 60279.0 29690.0 30589.0
58333.0 19% 2080.0 1409.0 27240.0 10172.0 17068.0
58245.0 -2% -779.0 39.0 10391.0 8699.0 1692.0
58074.0 18% 1451.0 131.0 27069.0 18201.0 8869.0
57935.0 137% 16207.0 6146.0 129889.0 75676.0 54213.0
57495.0 4% 2416.0 -749.0 135560.0 64130.0 71431.0
57470.0 115% 3207.0 2456.0 66950.0 62382.0 4568.0
56726.0 19% 2182.0 719.0 16668.0 9571.0 7097.0
55555.0 9% 7766.0 5142.0 98243.0 41860.0 56383.0
55505.0 -50% 10426.0 12303.0 943972.0 856740.0 87233.0
55475.0 6% 1633.0 1162.0 32541.0 25362.0 7179.0
55109.0 14% 3010.0 1654.0 34318.0 23680.0 10638.0
54465.0 -4% 2202.0 9459.0 163482.0 21408.0 142075.0
53738.0 7% 17959.0 -1520.0 225860.0 177784.0 48076.0
53065.0 4% -2108.0 26.0 28558.0 11726.0 16832.0
52472.0 0% 632.0 382.0 8664.0 6448.0 2216.0
52469.0 27% 619.0 178.0 10481.0 7927.0 2554.0
51783.0 -7% 1707.0 1327.0 13523.0 3776.0 9747.0
50364.0 2% 857.0 977.0 31683.0 15975.0 15708.0
49802.0 0% -39.0 -18.0 11035.0 8976.0 2059.0
49632.0 -9% 3455.0 2205.0 29906.0 8744.0 21161.0
49123.0 5% 4010.0 13013.0 87913.0 17420.0 70493.0
49042.0 -1% 655.0 273.0 15733.0 13332.0 2401.0
48787.0 6% 1287.0 -145.0 48742.0 20714.0 28028.0
48764.0 17% -736.0 19144.0 45492.0 21322.0 24171.0
48708.0 6% 4935.0 3792.0 54076.0 22608.0 31469.0
48701.0 -5% -3745.0 -3968.0 57141.0 19933.0 37208.0
48340.0 0% 3433.0 1431.0 43245.0 21441.0 21805.0
48258.0 9% 31818.0 27501.0 77607.0 9490.0 68117.0
47987.0 -1% 2937.0 1807.0 25880.0 12343.0 13537.0
47574.0 6% 36356.0 41507.0 752287.0 8334.0 743953.0
47017.0 -26% 1506.0 347.0 12670.0 5906.0 6764.0
46734.0 10% 1549.0 404.0 13019.0 8269.0 4750.0
46704.0 0% 5857.0 5967.0 42975.0 12350.0 30625.0
46399.0 5% -281.0 538.0 14183.0 12255.0 1928.0
46299.0 110% 2163.0 1013.0 11641.0 6145.0 5496.0
45777.0 6% 3828.0 2317.0 31015.0 13669.0 17346.0
45724.0 -4% 1324.0 515.0 11042.0 7707.0 3335.0
44718.0 44% 4712.0 2940.0 18712.0 11976.0 6736.0
44532.0 -3% -1444.0 -5116.0 43403.0 37629.0 5774.0
44464.0 16% 3400.0 2535.0 24644.0 17651.0 6993.0
44418.0 15% 3591.0 2205.0 39646.0 12442.0 27205.0
44348.0 -33% -1298.0 437.0 35634.0 23788.0 11847.0
43767.0 -6% 1534.0 1037.0 11394.0 3455.0 7939.0
43745.0 -2% 1329.0 -176.0 33040.0 18568.0 14473.0
43354.0 20% 2239.0 1527.0 10900.0 4150.0 6750.0
42767.0 -9% 9188.0 9444.0 443437.0 30552.0 412885.0
42756.0 4% -383.0 90.0 64296.0 26750.0 37546.0
42727.0 9% 10454.0 6618.0 40809.0 3771.0 37038.0
42443.0 3% 1491.0 712.0 14731.0 5042.0 9689.0
42365.0 8% 2394.0 121.0 29166.0 20238.0 8928.0
42059.0 -26% 33.0 29.0 10652.0 8415.0 2237.0
41520.0 6% 610.0 247.0 6600.0 4708.0 1893.0
41508.0 318% 526.0 156.0 72428.0 42859.0 29569.0
41466.0 3% 1109.0 603.0 10753.0 7206.0 3547.0
41418.0 -6% 390.0 319.0 7627.0 4860.0 2767.0
41150.0 11% 2520.0 477.0 47558.0 12036.0 35521.0
40881.0 9% 1576.0 1144.0 16783.0 9573.0 7210.0
40849.0 37% 4124.0 2426.0 25335.0 13123.0 12212.0
40529.0 33% 4216.0 2460.0 36180.0 19776.0 16404.0
40341.0 67% 40285.0 38419.0 265005.0 1260.0 263745.0
40203.0 368% 2133.0 1153.0 16374.0 14156.0 2218.0
40179.0 16% 840.0 153.0 15081.0 10235.0 4846.0
40151.0 -9% 6924.0 2294.0 41341.0 19844.0 21497.0
39850.0 32% 3199.0 583.0 34823.0 15767.0 19056.0
39144.0 379% 34395.0 38135.0 169746.0 33015.0 136732.0
39112.0 0% 10421.0 3917.0 75420.0 61389.0 14030.0
39034.0 4% -43.0 348.0 12486.0 9301.0 3186.0
38945.0 -33% 38845.0 35066.0 664678.0 1132.0 663547.0
38875.0 -1% 3028.0 3566.0 42637.0 30620.0 12016.0
38678.0 1% 1922.0 1167.0 19513.0 10311.0 9203.0
38466.0 -6% 2720.0 697.0 11344.0 5953.0 5390.0
38434.0 0% 3330.0 742.0 44186.0 33992.0 10194.0
38371.0 0% 1153.0 444.0 20727.0 9531.0 11196.0
37539.0 18% 2420.0 2898.0 41268.0 24988.0 16280.0
37371.0 0% -2136.0 81.0 15303.0 7932.0 7371.0
37205.0 -16% -6151.0 1697.0 64676.0 26943.0 37733.0
37130.0 -12% 5251.0 2477.0 33825.0 9003.0 24822.0
37063.0 14% 2052.0 1043.0 34070.0 6083.0 27986.0
37018.0 -19% 4139.0 1938.0 55205.0 9539.0 45666.0
36856.0 -6% 9266.0 5969.0 20281.0 13126.0 7155.0
36781.0 -9% 553.0 188.0 15487.0 34019.0 -18532.0
36621.0 34% 769.0 197.0 13884.0 9046.0 4838.0
36582.0 32% 6125.0 1209.0 19848.0 12919.0 6929.0
36486.0 0% 1107.0 464.0 25816.0 18261.0 7555.0
36230.0 1% 3025.0 1086.0 31334.0 19357.0 11978.0
36118.0 9% 1674.0 695.0 22681.0 9201.0 13480.0
35730.0 -2% 4015.0 1413.0 20646.0 13703.0 6943.0
35689.0 20% 2631.0 1228.0 28975.0 19681.0 9294.0
35530.0 4% 2567.0 674.0 27097.0 15831.0 11267.0
35089.0 -4% 438.0 587.0 18320.0 12554.0 5766.0
34826.0 -27% 52.0 80.0 8090.0 6762.0 1328.0
34403.0 -15% 9050.0 7563.0 417523.0 38226.0 379297.0
34139.0 2% 4452.0 566.0 33899.0 22089.0 11810.0
33901.0 -4% -1288.0 -4074.0 38743.0 24390.0 14353.0
33881.0 2% 1968.0 115.0 24094.0 17551.0 6543.0
33687.0 56% 4289.0 4239.0 62295.0 37698.0 24597.0
33463.0 29% 1537.0 328.0 8324.0 7502.0 822.0
33223.0 5% 2483.0 483.0 36233.0 27717.0 8516.0
33200.0 1% 1663.0 347.0 23683.0 16070.0 7613.0
33158.0 20% 2264.0 1051.0 30208.0 21804.0 8404.0
32749.0 -6% -222.0 209.0 39428.0 15707.0 23721.0
32509.0 6% 1071.0 65.0 20622.0 16817.0 3805.0
32402.0 50% 776.0 302.0 11779.0 9356.0 2423.0
32076.0 16% 4452.0 2692.0 51546.0 20432.0 31114.0
32037.0 24% 2806.0 1714.0 53217.0 31969.0 21248.0
31853.0 -5% -176.0 192.0 13481.0 7221.0 6259.0
31724.0 17% 133.0 -1205.0 33414.0 22851.0 10562.0
31593.0 -4% 6805.0 2829.0 21106.0 9289.0 11817.0
31399.0 -2% -255537.0 -256334.0 27021.0 20935.0 6086.0
31386.0 -4% 592.0 75.0 9550.0 8798.0 752.0
31285.0 -50% 133.0 78.0 18402.0 10403.0 7999.0
31111.0 10% 598.0 6523.0 26358.0 6467.0 19892.0
30913.0 -2% 799.0 59.0 11664.0 8637.0 3027.0
30564.0 -13% 2529.0 1348.0 36488.0 20536.0 15951.0
30365.0 37% 4663.0 3720.0 26533.0 7057.0 19476.0
30330.0 -6% -808.0 407.0 9175.0 2374.0 6800.0
30309.0 28% 808.0 206.0 9099.0 7247.0 1852.0
30255.0 28% 2644.0 1601.0 28041.0 15073.0 12968.0
30177.0 5% 1731.0 1197.0 18822.0 7897.0 10925.0
30044.0 17% 3500.0 2034.0 16747.0 7666.0 9081.0
29727.0 31% -10887.0 -19753.0 124817.0 110388.0 14430.0
29414.0 -11% 1728.0 38.0 32929.0 19642.0 13287.0
29160.0 -12% 733.0 138.0 3743.0 2679.0 1064.0
28976.0 -4% 641.0 274.0 32069.0 14874.0 17195.0
28924.0 -10% 3011.0 619.0 36603.0 17217.0 19387.0
28909.0 11% 2452.0 1546.0 18622.0 10535.0 8087.0
28802.0 46% 168.0 192.0 7808.0 5569.0 2239.0
28719.0 -2% 979.0 1033.0 20014.0 7205.0 12809.0
28642.0 2% 2289.0 772.0 38426.0 21228.0 17198.0
28535.0 8% 1297.0 389.0 16322.0 11353.0 4969.0
28473.0 5% 403.0 148.0 4105.0 2958.0 1148.0
28295.0 -4% -441.0 170.0 2159.0 959.0 1200.0
28205.0 -15% 623.0 1518.0 23864.0 3731.0 20133.0
27986.0 -1% -13095.0 -21138.0 98403.0 107366.0 -8963.0
27965.0 28% 5385.0 5032.0 32491.0 18944.0 13546.0
27900.0 3% 611.0 117.0 23685.0 8614.0 15071.0
27679.0 6% 2558.0 233.0 25038.0 21499.0 3539.0
27669.0 58% 1237.0 787.0 12509.0 10946.0 1562.0
27526.0 -4% 2494.0 586.0 13457.0 9019.0 4437.0
27368.0 13% 1793.0 898.0 23275.0 14263.0 9012.0
27312.0 5% 710.0 674.0 12120.0 9382.0 2737.0
27264.0 6% 1678.0 1066.0 19242.0 8627.0 10615.0
27244.0 10% -240.0 255.0 10597.0 7062.0 3535.0
27172.0 15% 907.0 501.0 13911.0 6926.0 6985.0
27150.0 5% 3061.0 794.0 22140.0 13419.0 8722.0
26550.0 1% 1300.0 614.0 17489.0 9369.0 8120.0
26219.0 41% 702.0 811.0 11371.0 8518.0 2853.0
25910.0 28% 1531.0 1222.0 12374.0 9054.0 3320.0
25822.0 54% 4501.0 3305.0 18207.0 14385.0 3821.0
25421.0 9% 14700.0 7036.0 48246.0 17719.0 30527.0
25282.0 -9% 1316.0 226.0 18220.0 14149.0 4071.0
25264.0 0% 2282.0 840.0 31818.0 5607.0 26212.0
25242.0 13% 2075.0 1229.0 20163.0 4408.0 15755.0
25083.0 15% 1548.0 733.0 9840.0 5383.0 4457.0
25059.0 36% 4818.0 3216.0 17188.0 4218.0 12970.0
25049.0 -13% 261.0 610.0 7356.0 4375.0 2981.0
25041.0 53179% 58.0 -1236.0 1472.0 1301.0 171.0
24981.0 68% 893.0 396.0 7569.0 5993.0 1576.0
24951.0 56% 1649.0 459.0 10822.0 6862.0 3959.0
24856.0 -17% 604.0 203.0 4496.0 3366.0 1130.0
24856.0 -27% 1134.0 47.0 42911.0 21314.0 21597.0
24613.0 -5% 392.0 -163.0 15818.0 7763.0 8055.0
24610.0 11% 4357.0 2908.0 25712.0 13601.0 12111.0
24557.0 14% 3024.0 1077.0 9592.0 6264.0 3328.0
24540.0 -12% 1254.0 740.0 15801.0 7564.0 8237.0
24468.0 14% 1676.0 209.0 12646.0 9308.0 3337.0
24446.0 11% 1011.0 1011.0 36475.0 25518.0 10957.0
24444.0 -38% 1453.0 1093.0 25405.0 18418.0 6987.0
24243.0 18% 2116.0 2097.0 6167.0 3716.0 2450.0
24207.0 15% 1849.0 101.0 22923.0 13010.0 9913.0
24137.0 51% 464.0 167.0 23826.0 22808.0 1018.0
24078.0 25% 2581.0 1335.0 16814.0 13112.0 3702.0
24068.0 -22% -3212.0 -1930.0 84366.0 25185.0 59181.0
23936.0 28% 1250.0 889.0 56558.0 2852.0 53706.0
23881.0 54% 2101.0 1411.0 16198.0 9021.0 7177.0
23860.0 20% -617.0 -46.0 6492.0 5577.0 914.0
23806.0 -58% 9.0 249.0 46441.0 11890.0 34551.0
23794.0 21% 8072.0 4290.0 36421.0 20228.0 16193.0
23731.0 0% 1681.0 789.0 15291.0 8378.0 6914.0
23697.0 3% 2323.0 1507.0 35707.0 14589.0 21118.0
23645.0 2% 25.0 7.0 3921.0 3213.0 709.0
23522.0 2% -23.0 122.0 20423.0 4152.0 16271.0
23498.0 105% 47.0 69.0 12428.0 8669.0 3759.0
23473.0 79% 1281.0 591.0 9658.0 8236.0 1422.0
23345.0 9% 2746.0 1896.0 15947.0 3830.0 12117.0
23259.0 15% 2139.0 1956.0 21727.0 6897.0 14830.0
23225.0 -4% -58.0 -1134.0 71646.0 30868.0 40778.0
23195.0 100% 1336.0 278.0 30394.0 13732.0 16662.0
23169.0 6% 2318.0 1362.0 12480.0 6328.0 6152.0
23152.0 285% 793.0 590.0 13235.0 9030.0 4205.0
23084.0 0% 333.0 -389.0 11143.0 10676.0 467.0
22961.0 25% 13660.0 10822.0 322245.0 139969.0 182276.0
22880.0 12% 2615.0 1760.0 18113.0 4766.0 13348.0
22751.0 10% 872.0 672.0 8975.0 4740.0 4235.0
22737.0 58% 3464.0 1739.0 18437.0 11098.0 7339.0
22644.0 3% 2848.0 1731.0 26900.0 15263.0 11638.0
22636.0 2% 309.0 157.0 7656.0 3494.0 4162.0
22626.0 9% 3405.0 1680.0 76823.0 20452.0 56371.0
22472.0 22% 1063.0 287.0 10684.0 8929.0 1755.0
22424.0 108% -1384.0 -2257.0 10325.0 11071.0 -745.0
22402.0 0% 909.0 477.0 14839.0 9346.0 5493.0
22278.0 6% 5600.0 3724.0 13040.0 3236.0 9804.0
22005.0 15% 1333.0 588.0 8936.0 5746.0 3190.0
21941.0 -4% 2321.0 1275.0 15870.0 6547.0 9323.0
21877.0 -3% -811.0 275.0 8169.0 6413.0 1757.0
21824.0 0% -128.0 145.0 19037.0 5609.0 13428.0
21698.0 18% -2237.0 318.0 9570.0 6745.0 2825.0
21668.0 20% 650.0 569.0 10407.0 9088.0 1319.0
21630.0 75% 5180.0 5182.0 30761.0 5127.0 25634.0
21600.0 27% 2692.0 2632.0 16391.0 10660.0 5731.0
21595.0 12% 362.0 395.0 11533.0 7447.0 4087.0
21584.0 29% 2327.0 2430.0 11357.0 4816.0 6542.0
21531.0 13% 7408.0 3130.0 10169.0 3926.0 6243.0
21316.0 29% 1523.0 554.0 8386.0 4731.0 3655.0
21288.0 23% 1653.0 883.0 5767.0 3346.0 2421.0
21190.0 -4% 9383.0 3995.0 128676.0 71806.0 56869.0
21159.0 7% -126.0 46.0 6981.0 5417.0 1564.0
21025.0 15% 20791.0 20183.0 64768.0 788.0 63980.0
21007.0 -28% 41.0 -224.0 7077.0 5291.0 1787.0
21006.0 2% -74.0 -127.0 3814.0 2235.0 1580.0
20915.0 35% 2180.0 1502.0 7665.0 4960.0 2704.0
20730.0 26% 1352.0 658.0 6332.0 2507.0 3825.0
20676.0 52% 3844.0 734.0 33301.0 21326.0 11975.0
20617.0 43% 18117.0 19921.0 179045.0 20653.0 158393.0
20514.0 6% 1706.0 285.0 9124.0 7019.0 2105.0
20484.0 6% 701.0 693.0 12968.0 9070.0 3898.0
20422.0 104% 2364.0 1121.0 14519.0 10444.0 4075.0
20308.0 5% -1202.0 144.0 44257.0 43500.0 757.0
20139.0 -15% -13126.0 -56759.0 397074.0 358572.0 38502.0
19662.0 0% -1601.0 -23.0 7834.0 5412.0 2423.0
19628.0 38% -887.0 -280.0 7086.0 5760.0 1325.0
19600.0 -1% 284.0 272.0 17828.0 8973.0 8855.0
19459.0 99% 779.0 515.0 18833.0 16080.0 2752.0
19412.0 27% 3065.0 1394.0 13252.0 9071.0 4181.0
19362.0 41% 1043.0 30.0 23301.0 11623.0 11679.0
19268.0 7% 31.0 67.0 4173.0 979.0 3194.0
19259.0 3% -66.0 87.0 3808.0 2452.0 1356.0
19063.0 2% 474.0 93.0 17162.0 8828.0 8334.0
19057.0 23% -1726.0 -3858.0 59708.0 31506.0 28203.0
19026.0 59% 1601.0 539.0 30960.0 14634.0 16326.0
19025.0 60% 1647.0 1405.0 10661.0 7310.0 3351.0
19000.0 79% 1081.0 691.0 19338.0 16593.0 2746.0
18999.0 6% 1086.0 683.0 4758.0 1239.0 3519.0
18889.0 -21% 2290.0 1047.0 8926.0 2140.0 6786.0
18581.0 -23% -503.0 -373.0 14991.0 5958.0 9033.0
18458.0 24% 1169.0 32.0 6130.0 3792.0 2338.0
18407.0 -31% 651.0 306.0 9073.0 3115.0 5958.0
18403.0 7% 1023.0 492.0 20824.0 7695.0 13129.0
18387.0 6% -235.0 16.0 10381.0 6355.0 4027.0
18357.0 19% 970.0 469.0 4987.0 2465.0 2522.0
18334.0 52% 436.0 266.0 9693.0 7634.0 2059.0
18293.0 -21% -2561.0 -3904.0 13598.0 8960.0 4638.0
18280.0 3% 229.0 212.0 1627.0 325.0 1303.0
18039.0 8% 469.0 549.0 7262.0 4517.0 2745.0
17893.0 -2% 115.0 -183.0 12137.0 11723.0 414.0
17731.0 29% 3066.0 1390.0 17791.0 12384.0 5408.0
17667.0 -15% 1247.0 1096.0 35418.0 15171.0 20247.0
17666.0 5% 1633.0 274.0 15367.0 9011.0 6356.0
17552.0 -29% 174.0 167.0 7334.0 2792.0 4542.0
17426.0 20% 2234.0 1252.0 7799.0 2765.0 5034.0
17210.0 -16% 1778.0 785.0 16867.0 11401.0 5466.0
17145.0 155% 732.0 318.0 13038.0 9921.0 3117.0
17087.0 -2% 2063.0 1759.0 15029.0 9658.0 5371.0
17031.0 29% 1346.0 1124.0 7530.0 5264.0 2267.0
16997.0 2% 768.0 716.0 13906.0 9574.0 4333.0
16870.0 6% 1291.0 307.0 10889.0 8192.0 2697.0
16856.0 29% 386.0 449.0 8018.0 5124.0 2894.0
16849.0 42% 1882.0 598.0 26161.0 19841.0 6320.0
16830.0 16% 6633.0 5155.0 14655.0 2109.0 12546.0
16802.0 12% 9950.0 8942.0 221921.0 97784.0 124136.0
16725.0 -2% 825.0 433.0 8295.0 4460.0 3835.0
16716.0 29% 2034.0 1427.0 5569.0 1716.0 3853.0
16615.0 18% 719.0 395.0 7108.0 5683.0 1425.0
16483.0 18% 613.0 238.0 10441.0 7917.0 2523.0
16454.0 14% 1005.0 240.0 9657.0 4855.0 4803.0
16444.0 5% 1979.0 1087.0 9203.0 4574.0 4629.0
16423.0 1% 561.0 186.0 13962.0 10168.0 3793.0
16417.0 16% 838.0 437.0 10096.0 6805.0 3290.0
16379.0 31% -2074.0 735.0 84819.0 24689.0 60130.0
16251.0 59% 2564.0 1023.0 11627.0 7111.0 4515.0
16223.0 7% 2712.0 794.0 21924.0 8493.0 13431.0
16089.0 4% 198.0 106.0 2410.0 1623.0 787.0
16070.0 29% 1283.0 925.0 6275.0 5156.0 1120.0
15997.0 -2% -384.0 247.0 6655.0 2099.0 4557.0
15997.0 19% 3881.0 4225.0 15763.0 5240.0 10524.0
15969.0 9% 988.0 278.0 8618.0 6774.0 1844.0
15958.0 3% 2176.0 1892.0 7126.0 1804.0 5322.0
15919.0 7% 1474.0 265.0 7532.0 6117.0 1414.0
15904.0 15% 2809.0 573.0 15189.0 10862.0 4327.0
15842.0 -17% -1076.0 -2959.0 12047.0 11092.0 955.0
15825.0 -1% 1424.0 1049.0 12343.0 3956.0 8387.0
15821.0 36% 2112.0 1235.0 7590.0 4517.0 3073.0
15783.0 21% 706.0 890.0 6129.0 1603.0 4526.0
15588.0 -50% -1365.0 79.0 11130.0 5545.0 5585.0
15413.0 1% 613.0 467.0 14058.0 4110.0 9948.0
15372.0 24% 1683.0 2133.0 31189.0 6570.0 24619.0
15347.0 23% -588.0 -672.0 5826.0 3432.0 2395.0
15222.0 13% 613.0 349.0 10639.0 4463.0 6176.0
15191.0 -21% -815.0 -1003.0 18757.0 11660.0 7097.0
15104.0 -18% 2341.0 1311.0 10309.0 4371.0 5937.0
15093.0 6% 1127.0 443.0 8736.0 6002.0 2734.0
14977.0 7% 1005.0 501.0 4613.0 1914.0 2699.0
14964.0 34% 1835.0 1510.0 11070.0 7963.0 3107.0
14941.0 30% -266.0 52.0 2952.0 1425.0 1527.0
14934.0 5% 1566.0 1068.0 11374.0 5901.0 5473.0
14894.0 0% 1572.0 7431.0 411955.0 12912.0 399042.0
14864.0 -18% 2362.0 1492.0 74917.0 6047.0 68870.0
14835.0 33% 1097.0 726.0 7499.0 5757.0 1742.0
14709.0 131% 2891.0 364.0 8984.0 7869.0 1114.0
14694.0 -5% 791.0 418.0 5606.0 3005.0 2601.0
14664.0 0% 777.0 9.0 7585.0 6539.0 1046.0
14649.0 6% 164.0 306.0 32168.0 3912.0 28256.0
14602.0 4% 273.0 61.0 5615.0 2013.0 3601.0
14598.0 10% 1763.0 1129.0 13826.0 6262.0 7564.0
14571.0 -9% 1524.0 724.0 59152.0 12282.0 46869.0
14548.0 13% 971.0 527.0 5666.0 2016.0 3650.0
14544.0 19% 604.0 116.0 11967.0 7566.0 4400.0
14458.0 5% 737.0 567.0 16545.0 7138.0 9407.0
14458.0 -5% 962.0 122.0 16033.0 12714.0 3318.0
14412.0 29% 1600.0 1083.0 7156.0 3958.0 3198.0
14230.0 11% 234.0 248.0 6229.0 3024.0 3205.0
14229.0 36% 686.0 212.0 5135.0 3708.0 1426.0
14196.0 -79% 3271.0 -2559.0 19228.0 7407.0 11822.0
14160.0 11% 1223.0 920.0 7119.0 4650.0 2469.0
14113.0 -22% 204.0 -182.0 21144.0 11433.0 9711.0
14011.0 -1% 826.0 852.0 6011.0 2761.0 3250.0
14000.0 12% 415.0 -139.0 11014.0 7417.0 3597.0
13935.0 12% 1464.0 1698.0 17156.0 15236.0 1920.0
13848.0 3% 52.0 841.0 14728.0 5906.0 8822.0
13768.0 1% -456.0 101.0 9703.0 7692.0 2011.0
13754.0 33% 13734.0 13715.0 65044.0 93.0 64951.0
13715.0 52% 1839.0 1102.0 7090.0 5165.0 1925.0
13648.0 -29% 12657.0 11932.0 449263.0 331209.0 118054.0
13639.0 -64% 1113.0 606.0 6679.0 4549.0 2131.0
13582.0 7% 589.0 343.0 2564.0 2053.0 511.0
13561.0 -15% 2827.0 996.0 100441.0 48251.0 52190.0
13490.0 15% 5519.0 8792.0 127535.0 39578.0 87957.0
13475.0 -11% 668.0 63.0 16457.0 10198.0 6259.0
13397.0 15% 1546.0 1498.0 8910.0 3860.0 5050.0
13350.0 30% 462.0 153.0 7776.0 2037.0 5739.0
13289.0 4% 350.0 346.0 9834.0 6389.0 3446.0
13232.0 -13% 330.0 310.0 8225.0 4194.0 4031.0
13205.0 46% 662.0 66.0 8237.0 5995.0 2242.0
13199.0 24% 1238.0 733.0 20414.0 3775.0 16639.0
13194.0 6% 762.0 437.0 7112.0 2233.0 4879.0
13194.0 -23% 1484.0 853.0 8438.0 5501.0 2937.0
13191.0 -2% 124.0 -1131.0 13451.0 9433.0 4018.0
13191.0 -10% 247.0 153.0 10965.0 7987.0 2978.0
13156.0 4342% 774.0 774.0 19027.0 11073.0 7954.0
13128.0 4% 681.0 4566.0 25006.0 4162.0 20844.0
13106.0 9% 1388.0 1004.0 25514.0 1855.0 23659.0
13101.0 14% 585.0 315.0 4116.0 3449.0 667.0
13085.0 37% 621.0 -69.0 6495.0 5567.0 928.0
13063.0 4% -825.0 -566.0 5036.0 6567.0 -1531.0
13034.0 27% 1586.0 1143.0 7866.0 5558.0 2308.0
13027.0 11% 754.0 377.0 16345.0 6426.0 9919.0
13025.0 -30% 1887.0 236.0 8805.0 6811.0 1994.0
12998.0 8% 221.0 106.0 5548.0 3661.0 1887.0
12989.0 27% 1102.0 693.0 6446.0 4276.0 2171.0
12928.0 -20% 83.0 -434.0 36005.0 3776.0 32228.0
12918.0 2595% -640.0 -425.0 12047.0 10801.0 1246.0
12878.0 -14% 1249.0 769.0 10167.0 1374.0 8794.0
12876.0 -1% 1905.0 1125.0 14786.0 11158.0 3628.0
12859.0 -5% 556.0 -2867.0 54103.0 49150.0 4953.0
12835.0 -47% 199.0 92.0 16970.0 10158.0 6812.0
12730.0 -30% 325.0 98.0 7869.0 4448.0 3421.0
12677.0 1% 451.0 129.0 6201.0 2897.0 3304.0
12640.0 6% -374.0 -740.0 20860.0 10670.0 10191.0
12639.0 8% 180.0 38.0 15444.0 12597.0 2847.0
12613.0 15% -42.0 340.0 9129.0 3715.0 5414.0
12531.0 4% 1274.0 411.0 9740.0 4748.0 4992.0
12500.0 19% 1192.0 394.0 9513.0 6993.0 2520.0
12496.0 29% 501.0 321.0 6592.0 2699.0 3893.0
12459.0 15% 727.0 402.0 9509.0 2667.0 6842.0
12450.0 -37% 399.0 -234.0 2795.0 2461.0 334.0
12395.0 -25% 421.0 -21.0 6437.0 5678.0 759.0
12331.0 -34% 464.0 697.0 22985.0 16243.0 6742.0
12291.0 -27% -294.0 -266.0 1006.0 1053.0 -47.0
12286.0 -40% -182.0 819.0 18866.0 4384.0 14482.0
12246.0 6% 1868.0 496.0 12441.0 7873.0 4568.0
12226.0 13% 812.0 384.0 14112.0 5749.0 8363.0
12203.0 12% -151.0 177.0 6363.0 2415.0 3947.0
12193.0 -20% 78.0 129.0 1563.0 775.0 787.0
12101.0 1% 1409.0 489.0 9552.0 5658.0 3895.0
12094.0 8% 2023.0 1131.0 14357.0 6594.0 7763.0
12074.0 2% 1299.0 617.0 11846.0 5594.0 6252.0
12050.0 20% -714.0 81.0 7799.0 1835.0 5964.0
12016.0 28% 5537.0 1847.0 61530.0 40975.0 20555.0
11942.0 5% 939.0 731.0 6664.0 2805.0 3859.0
11927.0 7% 937.0 112.0 11989.0 8247.0 3742.0
11905.0 18% 405.0 174.0 17035.0 8508.0 8527.0
11768.0 -2% 1047.0 355.0 2789.0 1585.0 1205.0
11662.0 13% 838.0 533.0 5208.0 2369.0 2839.0
11629.0 10% 2831.0 1037.0 10807.0 3589.0 7218.0
11622.0 -44% 5159.0 3657.0 304467.0 46568.0 257898.0
11600.0 -25% 612.0 620.0 8404.0 6768.0 1637.0
11586.0 5% -417.0 11855.0 179666.0 10658.0 169008.0
11569.0 14% 342.0 171.0 6672.0 1691.0 4982.0
11538.0 13% 65.0 86.0 5077.0 2822.0 2255.0
11529.0 13% 661.0 83.0 9370.0 6622.0 2748.0
11503.0 2% 318.0 213.0 2556.0 230.0 2326.0
11489.0 -54% -1082.0 -2973.0 23247.0 15822.0 7426.0
11484.0 22% 418.0 271.0 7246.0 5287.0 1960.0
11370.0 6% 865.0 809.0 6114.0 1927.0 4188.0
11350.0 -1% -121.0 61.0 2439.0 1118.0 1321.0
11332.0 28% 2338.0 1605.0 20556.0 9077.0 11480.0
11331.0 6% 1228.0 574.0 8524.0 5252.0 3272.0
11310.0 3% 551.0 327.0 10379.0 5389.0 4990.0
11204.0 30% 1629.0 1068.0 9064.0 2944.0 6120.0
11179.0 4% -19.0 16.0 4478.0 2379.0 2098.0
11177.0 -6% 458.0 215.0 11189.0 2718.0 8471.0
11079.0 -2% 677.0 147.0 6157.0 4091.0 2066.0
11068.0 -47% 1653.0 1610.0 8718.0 6593.0 2125.0
11032.0 4% 802.0 234.0 7223.0 1365.0 5858.0
11027.0 30% 1150.0 790.0 6241.0 3422.0 2819.0
11014.0 -37% 2272.0 319.0 71695.0 55266.0 16429.0
10985.0 9% 3881.0 4338.0 388950.0 7134.0 381816.0
10913.0 7% 1206.0 1119.0 10644.0 4366.0 6278.0
10903.0 -19% 1141.0 483.0 8257.0 4289.0 3969.0
10877.0 -10% 1002.0 415.0 15215.0 5200.0 10015.0
10874.0 5% 868.0 577.0 9820.0 2009.0 7811.0
10871.0 3% 2072.0 1383.0 10847.0 1901.0 8946.0
10802.0 -16% 60.0 106.0 6968.0 2707.0 4262.0
10778.0 4% 970.0 133.0 10763.0 7512.0 3251.0
10757.0  136.0 134.0 8247.0 5037.0 3210.0
10752.0 1% 801.0 335.0 26063.0 4644.0 21419.0
10749.0 -14% 86.0 -637.0 24305.0 9635.0 14670.0
10682.0 17% 429.0 278.0 4109.0 1569.0 2540.0
10646.0 0% 4433.0 3289.0 29032.0 2566.0 26466.0
10633.0 9% 717.0 256.0 4169.0 2550.0 1619.0
10632.0 258% 1340.0 828.0 9290.0 6780.0 2510.0
10590.0 -19% 865.0 551.0 10498.0 1523.0 8975.0
10557.0 -30% 830.0 568.0 29245.0 5884.0 23360.0
10530.0 -3% 403.0 196.0 3856.0 2284.0 1572.0
10501.0 4% 1043.0 684.0 6114.0 2093.0 4020.0
10500.0 -11% 723.0 437.0 6444.0 1304.0 5140.0
10494.0 -8% -108.0 -840.0 13314.0 8365.0 4948.0
10473.0 0% -145.0 -202.0 1388.0 1414.0 -26.0
10466.0 30% 570.0 390.0 6090.0 5443.0 646.0
10464.0 0% 247.0 174.0 5269.0 2547.0 2722.0
10434.0 21% 1378.0 659.0 7464.0 5109.0 2355.0
10428.0 3% 958.0 1014.0 52441.0 4320.0 48120.0
10415.0 -5% 483.0 49.0 4527.0 2486.0 2040.0
10387.0 18% 409.0 241.0 5712.0 2617.0 3096.0
10364.0 7% 300.0 189.0 17433.0 4540.0 12892.0
10284.0 5% 801.0 652.0 7052.0 3241.0 3810.0
10267.0 1% 1447.0 940.0 14202.0 2004.0 12197.0
10266.0 -10% 1298.0 1026.0 15925.0 10532.0 5393.0
10175.0 10% 3463.0 2061.0 16505.0 1662.0 14843.0
10153.0 6% 212.0 294.0 5789.0 2491.0 3298.0
10139.0 0% 217.0 93.0 7505.0 3548.0 3957.0
10130.0 18% 370.0 284.0 5888.0 1318.0 4570.0
10119.0 0% 942.0 163.0 11644.0 7521.0 4123.0
10100.0 14% 941.0 976.0 8717.0 5290.0 3427.0
10046.0 27% 4041.0 1456.0 6517.0 4404.0 2112.0
10023.0 29% 1617.0 1335.0 11940.0 2610.0 9330.0
10021.0 29% 619.0 371.0 3662.0 1686.0 1976.0
10010.0 9% 1205.0 680.0 9607.0 3581.0 6026.0
9969.0 -4% 334.0 -28.0 6103.0 4170.0 1933.0
9965.0 37% 634.0 392.0 12100.0 3005.0 9095.0
9938.0 5% 785.0 123.0 7682.0 5485.0 2196.0
9882.0 0% -139.0 -415.0 3762.0 2449.0 1313.0
9876.0 1% 2150.0 1471.0 74162.0 1933.0 72229.0
9748.0 29% -413.0 94.0 4763.0 1407.0 3356.0
9695.0 -50% 646.0 82.0 10354.0 4940.0 5414.0
9686.0 8% 461.0 176.0 5368.0 2148.0 3221.0
9654.0 7% 872.0 214.0 4485.0 2925.0 1560.0
9602.0 -39% 513.0 202.0 24295.0 21798.0 2497.0
9600.0 11% 1728.0 834.0 4983.0 981.0 4002.0
9587.0 -4% 258.0 203.0 2483.0 428.0 2056.0
9471.0 55% 1367.0 640.0 7553.0 6610.0 943.0
9467.0 5% 941.0 758.0 18947.0 1675.0 17272.0
9466.0 -14% 141.0 54.0 11973.0 3982.0 7991.0
9382.0 9% 3277.0 2004.0 90787.0 8957.0 81829.0
9374.0 0% 411.0 423.0 4930.0 2629.0 2301.0
9337.0 -16% 2424.0 2867.0 6608.0 2028.0 4580.0
9334.0 14% 206.0 202.0 5656.0 2676.0 2980.0
9290.0 -23% -1332.0 1403.0 17632.0 9398.0 8234.0
9256.0 1% 914.0 540.0 4015.0 455.0 3560.0
9220.0 -11% 296.0 25.0 4943.0 3765.0 1178.0
9209.0 17% 644.0 394.0 2513.0 1052.0 1461.0
9184.0 -6% 453.0 243.0 8470.0 5579.0 2892.0
9174.0 51% -48.0 164.0 1773.0 548.0 1226.0
9160.0 12% 189.0 65.0 937.0 461.0 476.0
9151.0 17% 388.0 -5.0 5328.0 5142.0 186.0
9119.0 -29% 353.0 -1944.0 12864.0 10438.0 2426.0
9081.0 26% 370.0 191.0 8012.0 3216.0 4797.0
9081.0 -9% 366.0 93.0 7157.0 3618.0 3539.0
9079.0 28% 924.0 605.0 8102.0 5213.0 2889.0
9068.0 23% 123.0 13.0 1933.0 1513.0 420.0
9055.0 26% 648.0 756.0 55088.0 50082.0 5007.0
8996.0 0% 411.0 214.0 7612.0 3473.0 4139.0
8982.0 20% 351.0 181.0 5257.0 1721.0 3536.0
8966.0 19% 366.0 179.0 3604.0 3046.0 557.0
8951.0 -22% -15667.0 -33185.0 164112.0 129543.0 34568.0
